1.000000 1.064494 1.133148 1.206230 1.284025 1.366838 1.454991 1.548830 1.648721 1.755055 1.868246 1.988737 2.117000 2.253535 2.398875 2.553589 
1.064451 1.165920 1.263708 1.361245 1.460294 1.561900 1.666787 1.775404 1.888133 2.005145 2.126462 2.251882 2.380915 2.512670 2.645246 2.774903 
1.132780 1.262480 1.385413 1.505054 1.623685 1.742709 1.863101 1.985441 2.110011 2.236835 2.365547 2.495410 2.625195 2.752900 2.875195 2.986870 
1.204908 1.357070 1.501086 1.640008 1.776102 1.910917 2.045517 2.180519 2.316127 2.452196 2.588086 2.722665 2.854166 2.979934 3.096073 3.197092 
1.280696 1.450895 1.612334 1.767683 1.919022 2.067912 2.215389 2.362047 2.508034 2.653078 2.796323 2.936390 3.071176 3.197774 3.312080 3.408850 
1.359937 1.544501 1.720110 1.889154 2.053548 2.214764 2.373786 2.531170 2.686961 2.840884 2.991908 3.138525 3.278506 3.408781 3.525413 3.623426 
1.442348 1.637997 1.824845 2.005020 2.180345 2.352186 2.521460 2.688658 2.853880 3.016670 3.176027 3.330383 3.477501 3.614305 3.737069 3.841062 
1.527567 1.731337 1.926669 2.115588 2.299805 2.480597 2.658892 2.835113 3.009354 3.181101 3.349447 3.512741 3.668855 3.814917 3.947200 4.061405 
1.615146 1.824224 2.025496 2.220906 2.412085 2.600273 2.786299 2.970712 3.153572 3.334405 3.512308 3.685797 3.852740 4.010486 4.155505 4.283749 
1.704553 1.916244 2.120967 2.320655 2.516904 2.710920 2.903568 3.095330 3.286372 3.476371 3.664403 3.849180 4.028736 4.200480 4.361197 4.507021 
1.795166 2.006841 2.212584 2.414388 2.613809 2.812137 3.010186 3.208526 3.407423 3.606599 3.805312 4.002432 4.196107 4.384069 4.563221 4.729907 
1.886281 2.095326 2.299725 2.501482 2.702267 2.903311 3.105540 3.309630 3.515876 3.724150 3.933893 4.144166 4.353362 4.559466 4.759670 4.950366 
1.977115 2.180825 2.381443 2.581006 2.781272 2.983543 3.188798 3.397735 3.610767 3.827959 4.048933 4.273012 4.498965 4.724975 4.948629 5.166488 
2.066815 2.262432 2.456712 2.651933 2.849815 3.051727 3.258661 3.471465 3.690571 3.916232 4.148423 4.386670 4.630199 4.877749 5.127163 5.375341 
2.154467 2.338872 2.524233 2.712911 2.906610 3.106648 3.314022 3.529614 3.753974 3.987524 4.230624 4.483075 4.744838 5.015126 5.292535 5.574349 
2.239116 2.408672 2.582324 2.762318 2.950128 3.146818 3.353360 3.570581 3.799166 4.039811 4.293152 4.559587 4.839587 5.133241 5.440231 5.759192 
