1.000000 1.015748 1.031743 1.047991 1.064494 1.081258 1.098285 1.115581 1.133148 1.150993 1.169118 1.187529 1.206230 1.225226 1.244520 1.264118 1.284025 1.304246 1.324785 1.345647 1.366838 1.388363 1.410226 1.432434 1.454991 1.477904 1.501178 1.524818 1.548830 1.573221 1.597995 1.623160 1.648721 1.674685 1.701057 1.727845 1.755055 1.782693 1.810766 1.839281 1.868246 1.897667 1.927550 1.957905 1.988737 2.020056 2.051867 2.084179 2.117000 2.150338 2.184201 2.218597 2.253535 2.289023 2.325070 2.361684 2.398875 2.436652 2.475024 2.514000 2.553589 2.593803 2.634649 2.676139 
1.015747 1.031743 1.047990 1.064494 1.081257 1.098284 1.115580 1.133148 1.150992 1.169117 1.187528 1.206229 1.225225 1.244519 1.264117 1.284024 1.304245 1.324784 1.345646 1.366837 1.388361 1.410225 1.432432 1.454990 1.477903 1.501176 1.524816 1.548829 1.573219 1.597994 1.623159 1.648720 1.674683 1.701056 1.727843 1.755053 1.782691 1.810764 1.839280 1.868244 1.897665 1.927549 1.957903 1.988736 2.020054 2.051865 2.084177 2.116998 2.150336 2.184199 2.218595 2.253533 2.289021 2.325068 2.361682 2.398873 2.436650 2.475022 2.513998 2.553588 2.593801 2.634647 2.676137 2.718280 
1.031738 1.047986 1.064489 1.081252 1.098279 1.115575 1.133142 1.150987 1.169112 1.187523 1.206224 1.225219 1.244513 1.264111 1.284018 1.304239 1.324777 1.345639 1.366830 1.388355 1.410218 1.432426 1.454983 1.477896 1.501169 1.524809 1.548821 1.573212 1.597986 1.623151 1.648712 1.674675 1.701048 1.727835 1.755045 1.782683 1.810756 1.839271 1.868235 1.897656 1.927540 1.957894 1.988726 2.020044 2.051855 2.084167 2.116988 2.150326 2.184189 2.218585 2.253522 2.289010 2.325057 2.361671 2.398862 2.436639 2.475010 2.513986 2.553576 2.593789 2.634635 2.676125 2.718268 2.761074 
1.047973 1.064476 1.081239 1.098266 1.115561 1.133129 1.150973 1.169098 1.187508 1.206209 1.225204 1.244498 1.264096 1.284002 1.304222 1.324761 1.345623 1.366813 1.388337 1.410201 1.432408 1.454965 1.477877 1.501151 1.524790 1.548802 1.573192 1.597967 1.623131 1.648691 1.674655 1.701027 1.727814 1.755023 1.782661 1.810733 1.839248 1.868212 1.897632 1.927516 1.957870 1.988702 2.020019 2.051830 2.084142 2.116962 2.150299 2.184162 2.218557 2.253495 2.288982 2.325028 2.361642 2.398833 2.436609 2.474980 2.513955 2.553545 2.593757 2.634603 2.676092 2.718235 2.761041 2.804521 
1.064451 1.081214 1.098240 1.115535 1.133102 1.150946 1.169070 1.187480 1.206180 1.225175 1.244468 1.264066 1.283972 1.304192 1.324730 1.345591 1.366781 1.388304 1.410167 1.432374 1.454931 1.477842 1.501115 1.524754 1.548765 1.573155 1.597928 1.623092 1.648652 1.674615 1.700986 1.727773 1.754981 1.782618 1.810690 1.839205 1.868168 1.897587 1.927470 1.957823 1.988654 2.019971 2.051781 2.084092 2.116912 2.150248 2.184110 2.218505 2.253441 2.288928 2.324973 2.361586 2.398776 2.436551 2.474921 2.513896 2.553484 2.593696 2.634541 2.676029 2.718170 2.760976 2.804455 2.848619 
1.081172 1.098198 1.115492 1.133058 1.150901 1.169025 1.187434 1.206133 1.225127 1.244420 1.264017 1.283922 1.304141 1.324678 1.345539 1.366728 1.388250 1.410112 1.432318 1.454874 1.477785 1.501056 1.524695 1.548705 1.573094 1.597866 1.623029 1.648588 1.674549 1.700920 1.727705 1.754913 1.782549 1.810620 1.839133 1.868095 1.897513 1.927395 1.957747 1.988577 2.019892 2.051701 2.084011 2.116829 2.150164 2.184025 2.218418 2.253353 2.288839 2.324883 2.361494 2.398682 2.436456 2.474825 2.513798 2.553385 2.593595 2.634438 2.675925 2.718065 2.760868 2.804346 2.848508 2.893366 
1.098134 1.115427 1.132993 1.150834 1.168957 1.187366 1.206064 1.225056 1.244348 1.263944 1.283848 1.304065 1.324601 1.345461 1.366648 1.388170 1.410030 1.432235 1.454789 1.477699 1.500969 1.524606 1.548615 1.573002 1.597773 1.622935 1.648492 1.674452 1.700821 1.727605 1.754811 1.782445 1.810514 1.839026 1.867986 1.897403 1.927283 1.957633 1.988461 2.019775 2.051582 2.083890 2.116706 2.150040 2.183898 2.218289 2.253222 2.288706 2.324748 2.361357 2.398543 2.436315 2.474682 2.513652 2.553237 2.593444 2.634285 2.675770 2.717907 2.760708 2.804183 2.848343 2.893198 2.938760 
1.115338 1.132901 1.150742 1.168863 1.187270 1.205966 1.224957 1.244248 1.263842 1.283744 1.303960 1.324494 1.345352 1.366538 1.388058 1.409916 1.432119 1.454672 1.477579 1.500848 1.524483 1.548490 1.572875 1.597644 1.622803 1.648359 1.674317 1.700683 1.727465 1.754669 1.782301 1.810368 1.838877 1.867835 1.897249 1.927127 1.957475 1.988300 2.019612 2.051416 2.083721 2.116535 2.149866 2.183721 2.218110 2.253040 2.288521 2.324560 2.361166 2.398349 2.436118 2.474481 2.513449 2.553030 2.593235 2.634073 2.675553 2.717687 2.760485 2.803957 2.848113 2.892964 2.938522 2.984798 
1.132780 1.150618 1.168738 1.187142 1.205837 1.224826 1.244114 1.263706 1.283606 1.303820 1.324352 1.345207 1.366391 1.387909 1.409765 1.431965 1.454515 1.477421 1.500687 1.524319 1.548323 1.572706 1.597472 1.622629 1.648182 1.674137 1.700500 1.727279 1.754480 1.782109 1.810173 1.838679 1.867634 1.897045 1.926920 1.957264 1.988087 2.019395 2.051195 2.083497 2.116308 2.149635 2.183486 2.217871 2.252798 2.288275 2.324310 2.360912 2.398091 2.435856 2.474215 2.513179 2.552756 2.592956 2.633789 2.675266 2.717395 2.760188 2.803655 2.847807 2.892653 2.938206 2.984477 3.031476 
1.150460 1.168577 1.186979 1.205671 1.224657 1.243943 1.263532 1.283429 1.303640 1.324170 1.345022 1.366203 1.387717 1.409571 1.431768 1.454315 1.477217 1.500480 1.524109 1.548110 1.572489 1.597252 1.622405 1.647954 1.673906 1.700266 1.727041 1.754238 1.781863 1.809924 1.838426 1.867377 1.896784 1.926654 1.956994 1.987812 2.019116 2.050912 2.083210 2.116016 2.149338 2.183185 2.217566 2.252487 2.287959 2.323989 2.360587 2.397761 2.435520 2.473874 2.512832 2.552404 2.592598 2.633426 2.674897 2.717021 2.759808 2.803269 2.847414 2.892255 2.937801 2.984065 3.031058 3.078790 
1.168376 1.186775 1.205464 1.224447 1.243729 1.263315 1.283209 1.303416 1.323942 1.344791 1.365968 1.387479 1.409328 1.431522 1.454065 1.476963 1.500222 1.523847 1.547844 1.572218 1.596977 1.622126 1.647671 1.673618 1.699973 1.726744 1.753936 1.781557 1.809612 1.838109 1.867055 1.896457 1.926322 1.956657 1.987470 2.018768 2.050559 2.082851 2.115651 2.148968 2.182809 2.217184 2.252099 2.287565 2.323589 2.360180 2.397348 2.435101 2.473448 2.512400 2.551964 2.592152 2.632973 2.674436 2.716553 2.759333 2.802786 2.846924 2.891757 2.937296 2.983552 3.030536 3.078261 3.126737 
1.186526 1.205211 1.224190 1.243468 1.263050 1.282939 1.303143 1.323664 1.344508 1.365681 1.387187 1.409032 1.431221 1.453759 1.476653 1.499906 1.523526 1.547518 1.571888 1.596642 1.621785 1.647325 1.673266 1.699616 1.726381 1.753568 1.781182 1.809232 1.837723 1.866663 1.896059 1.925917 1.956246 1.987053 2.018344 2.050128 2.082413 2.115207 2.148516 2.182351 2.216718 2.251626 2.287084 2.323101 2.359684 2.396844 2.434589 2.472928 2.511872 2.551428 2.591607 2.632420 2.673874 2.715982 2.758753 2.802197 2.846326 2.891149 2.936678 2.982925 3.029899 3.077614 3.126080 3.175309 
1.204908 1.223882 1.243155 1.262732 1.282617 1.302815 1.323331 1.344170 1.365338 1.386838 1.408678 1.430861 1.453394 1.476281 1.499529 1.523143 1.547129 1.571492 1.596240 1.621377 1.646910 1.672845 1.699188 1.725946 1.753126 1.780734 1.808776 1.837260 1.866193 1.895581 1.925432 1.955753 1.986552 2.017836 2.049612 2.081889 2.114674 2.147975 2.181801 2.216160 2.251059 2.286508 2.322516 2.359090 2.396240 2.433976 2.472306 2.511239 2.550785 2.590955 2.631757 2.673201 2.715298 2.758058 2.801491 2.845609 2.890421 2.935939 2.982173 3.029136 3.076839 3.125292 3.174509 3.224501 
1.223519 1.242786 1.262357 1.282236 1.302428 1.322938 1.343771 1.364932 1.386426 1.408259 1.430436 1.452962 1.475842 1.499083 1.522690 1.546669 1.571025 1.595765 1.620895 1.646420 1.672347 1.698683 1.725433 1.752605 1.780204 1.808238 1.836714 1.865638 1.895018 1.924860 1.955172 1.985961 2.017236 2.049003 2.081270 2.114045 2.147337 2.181152 2.215501 2.250390 2.285828 2.321825 2.358389 2.395528 2.433252 2.471570 2.510492 2.550027 2.590184 2.630974 2.672406 2.714491 2.757238 2.800658 2.844763 2.889561 2.935066 2.981287 3.028236 3.075924 3.124363 3.173565 3.223542 3.274306 
1.242356 1.261920 1.281792 1.301977 1.322480 1.343305 1.364459 1.385946 1.407771 1.429940 1.452458 1.475331 1.498564 1.522163 1.546133 1.570481 1.595212 1.620333 1.645850 1.671768 1.698094 1.724835 1.751998 1.779587 1.807612 1.836078 1.864992 1.894361 1.924193 1.954494 1.985273 2.016537 2.048293 2.080549 2.113313 2.146592 2.180396 2.214733 2.249610 2.285036 2.321020 2.357571 2.394698 2.432409 2.470714 2.509622 2.549143 2.589287 2.630062 2.671480 2.713550 2.756282 2.799688 2.843777 2.888560 2.934048 2.980253 3.027186 3.074858 3.123280 3.172465 3.222425 3.273171 3.324716 
1.261416 1.281280 1.301457 1.321952 1.342769 1.363914 1.385393 1.407209 1.429369 1.451878 1.474742 1.497966 1.521555 1.545516 1.569854 1.594575 1.619686 1.645192 1.671100 1.697416 1.724146 1.751298 1.778877 1.806890 1.835344 1.864247 1.893604 1.923424 1.953714 1.984480 2.015731 2.047474 2.079717 2.112468 2.145735 2.179525 2.213848 2.248711 2.284123 2.320093 2.356629 2.393741 2.431437 2.469727 2.508619 2.548125 2.588252 2.629011 2.670412 2.712466 2.755181 2.798569 2.842640 2.887406 2.932876 2.979063 3.025976 3.073629 3.122032 3.171197 3.221137 3.271863 3.323388 3.375724 
1.280696 1.300864 1.321349 1.342157 1.363293 1.384761 1.406568 1.428718 1.451216 1.474069 1.497282 1.520861 1.544811 1.569138 1.593848 1.618947 1.644442 1.670338 1.696642 1.723360 1.750499 1.778065 1.806066 1.834507 1.863396 1.892740 1.922547 1.952822 1.983575 2.014812 2.046540 2.078769 2.111505 2.144756 2.178531 2.212838 2.247685 2.283081 2.319035 2.355554 2.392649 2.430328 2.468600 2.507475 2.546962 2.587071 2.627812 2.669194 2.711228 2.753924 2.797292 2.841344 2.886088 2.931538 2.977704 3.024596 3.072227 3.120608 3.169751 3.219667 3.270370 3.321872 3.374184 3.427321 
1.300193 1.320667 1.341464 1.362589 1.384046 1.405842 1.427980 1.450467 1.473308 1.496509 1.520076 1.544013 1.568328 1.593025 1.618111 1.643593 1.669476 1.695766 1.722470 1.749595 1.777147 1.805133 1.833560 1.862434 1.891763 1.921554 1.951814 1.982550 2.013771 2.045483 2.077695 2.110414 2.143648 2.177406 2.211695 2.246524 2.281902 2.317837 2.354337 2.391413 2.429072 2.467325 2.506180 2.545647 2.585735 2.626454 2.667815 2.709828 2.752501 2.795847 2.839876 2.884598 2.930024 2.976165 3.023033 3.070640 3.118996 3.168113 3.218004 3.268681 3.320156 3.372441 3.425550 3.479495 
1.319901 1.340686 1.361798 1.383243 1.405026 1.427151 1.449625 1.472453 1.495641 1.519194 1.543117 1.567417 1.592100 1.617172 1.642639 1.668506 1.694781 1.721470 1.748579 1.776115 1.804085 1.832495 1.861353 1.890665 1.920438 1.950681 1.981399 2.012602 2.044296 2.076489 2.109189 2.142404 2.176142 2.210411 2.245220 2.280577 2.316491 2.352971 2.390025 2.427662 2.465892 2.504725 2.544169 2.584234 2.624930 2.666266 2.708254 2.750903 2.794224 2.838227 2.882923 2.928322 2.974437 3.021278 3.068857 3.117185 3.166274 3.216136 3.266783 3.318228 3.370483 3.423561 3.477475 3.532238 
1.339817 1.360916 1.382347 1.404115 1.426227 1.448686 1.471499 1.494672 1.518209 1.542117 1.566402 1.591069 1.616124 1.641574 1.667425 1.693683 1.720354 1.747446 1.774964 1.802916 1.831307 1.860146 1.889439 1.919193 1.949416 1.980115 2.011297 2.042971 2.075143 2.107821 2.141015 2.174731 2.208978 2.243764 2.279099 2.314989 2.351445 2.388475 2.426088 2.464294 2.503101 2.542519 2.582558 2.623228 2.664538 2.706498 2.749120 2.792412 2.836387 2.881054 2.926424 2.972509 3.019319 3.066867 3.115164 3.164221 3.214050 3.264665 3.316076 3.368297 3.421341 3.475220 3.529947 3.585537 
1.359937 1.381353 1.403105 1.425201 1.447644 1.470441 1.493596 1.517117 1.541008 1.565275 1.589924 1.614961 1.640393 1.666225 1.692464 1.719117 1.746189 1.773687 1.801618 1.829990 1.858808 1.888080 1.917812 1.948013 1.978690 2.009850 2.041500 2.073649 2.106305 2.139474 2.173166 2.207388 2.242150 2.277459 2.313323 2.349753 2.386756 2.424342 2.462520 2.501300 2.540689 2.580700 2.621340 2.662620 2.704551 2.747141 2.790403 2.834345 2.878980 2.924318 2.970369 3.017146 3.064660 3.112922 3.161943 3.211737 3.262315 3.313690 3.365873 3.418879 3.472719 3.527407 3.582956 3.639380 
1.380256 1.401991 1.424069 1.446494 1.469273 1.492410 1.515912 1.539783 1.564031 1.588661 1.613678 1.639090 1.664902 1.691120 1.717751 1.744801 1.772278 1.800187 1.828536 1.857331 1.886579 1.916289 1.946466 1.977118 2.008253 2.039878 2.072002 2.104631 2.137774 2.171439 2.205634 2.240368 2.275649 2.311485 2.347886 2.384860 2.422416 2.460563 2.499312 2.538670 2.578649 2.619257 2.660504 2.702401 2.744958 2.788185 2.832093 2.876692 2.921994 2.968009 3.014749 3.062224 3.110448 3.159431 3.209185 3.259723 3.311056 3.363198 3.416161 3.469959 3.524603 3.580108 3.636487 3.693755 
1.400767 1.422826 1.445231 1.467990 1.491107 1.514588 1.538439 1.562666 1.587274 1.612270 1.637659 1.663448 1.689643 1.716251 1.743278 1.770730 1.798615 1.826939 1.855709 1.884932 1.914615 1.944766 1.975392 2.006499 2.038097 2.070192 2.102793 2.135907 2.169543 2.203708 2.238412 2.273662 2.309467 2.345836 2.382777 2.420301 2.458415 2.497129 2.536454 2.576397 2.616970 2.658181 2.700041 2.742561 2.785750 2.829620 2.874180 2.919442 2.965417 3.012116 3.059550 3.107731 3.156671 3.206382 3.256876 3.308165 3.360261 3.413178 3.466928 3.521525 3.576982 3.633311 3.690528 3.748647 
1.421467 1.443851 1.466588 1.489683 1.513142 1.536970 1.561173 1.585758 1.610730 1.636095 1.661859 1.688029 1.714612 1.741613 1.769039 1.796897 1.825194 1.853936 1.883131 1.912786 1.942908 1.973504 2.004583 2.036150 2.068215 2.100784 2.133867 2.167470 2.201603 2.236273 2.271489 2.307260 2.343594 2.380501 2.417988 2.456066 2.494743 2.534030 2.573935 2.614469 2.655641 2.697462 2.739941 2.783089 2.826916 2.871434 2.916653 2.962584 3.009238 3.056627 3.104762 3.153655 3.203318 3.253764 3.305003 3.357050 3.409917 3.463615 3.518160 3.573564 3.629840 3.687002 3.745064 3.804041 
1.442348 1.465061 1.488132 1.511567 1.535370 1.559548 1.584107 1.609053 1.634391 1.660129 1.686272 1.712827 1.739800 1.767197 1.795026 1.823294 1.852006 1.881171 1.910795 1.940885 1.971450 2.002496 2.034030 2.066061 2.098597 2.131645 2.165214 2.199311 2.233945 2.269124 2.304858 2.341154 2.378022 2.415471 2.453509 2.492146 2.531392 2.571255 2.611747 2.652876 2.694653 2.737088 2.780191 2.823973 2.868444 2.913616 2.959499 3.006104 3.053444 3.101529 3.150371 3.199983 3.250376 3.301562 3.353555 3.406366 3.460009 3.514496 3.569842 3.626060 3.683163 3.741165 3.800080 3.859923 
1.463406 1.486451 1.509858 1.533635 1.557785 1.582317 1.607234 1.632544 1.658253 1.684366 1.710891 1.737833 1.765200 1.792997 1.821233 1.849913 1.879044 1.908635 1.938691 1.969221 2.000232 2.031731 2.063726 2.096225 2.129235 2.162766 2.196825 2.231419 2.266559 2.302252 2.338508 2.375334 2.412740 2.450735 2.489329 2.528530 2.568349 2.608794 2.649877 2.691607 2.733993 2.777048 2.820780 2.865201 2.910322 2.956153 3.002706 3.049992 3.098022 3.146810 3.196365 3.246701 3.297829 3.349763 3.402515 3.456097 3.510523 3.565806 3.621960 3.678998 3.736935 3.795783 3.855559 3.916276 
1.484633 1.508012 1.531759 1.555880 1.580381 1.605268 1.630547 1.656224 1.682306 1.708798 1.735707 1.763040 1.790804 1.819005 1.847650 1.876746 1.906300 1.936320 1.966812 1.997785 2.029245 2.061201 2.093660 2.126631 2.160120 2.194137 2.228690 2.263787 2.299436 2.335647 2.372428 2.409788 2.447737 2.486283 2.525437 2.565207 2.605603 2.646635 2.688314 2.730649 2.773650 2.817329 2.861696 2.906761 2.952536 2.999032 3.046260 3.094232 3.142960 3.192454 3.242729 3.293795 3.345665 3.398352 3.451868 3.506228 3.561443 3.617529 3.674497 3.732362 3.791139 3.850842 3.911484 3.973082 
1.506022 1.529738 1.553827 1.578296 1.603150 1.628396 1.654039 1.680086 1.706543 1.733417 1.760714 1.788441 1.816605 1.845212 1.874269 1.903785 1.933765 1.964217 1.995149 2.026568 2.058481 2.090898 2.123824 2.157270 2.191242 2.225749 2.260799 2.296402 2.332565 2.369297 2.406608 2.444507 2.483002 2.522104 2.561821 2.602164 2.643142 2.684766 2.727045 2.769990 2.813611 2.857919 2.902925 2.948640 2.995074 3.042240 3.090149 3.138812 3.188241 3.238449 3.289448 3.341249 3.393867 3.447313 3.501600 3.556743 3.612754 3.669647 3.727436 3.786136 3.845759 3.906322 3.967838 4.030323 
1.527567 1.551622 1.576056 1.600875 1.626085 1.651691 1.677701 1.704121 1.730957 1.758215 1.785903 1.814026 1.842593 1.871609 1.901083 1.931020 1.961429 1.992317 2.023691 2.055560 2.087930 2.120810 2.154208 2.188131 2.222589 2.257590 2.293142 2.329254 2.365934 2.403192 2.441037 2.479478 2.518524 2.558185 2.598470 2.639390 2.680955 2.723174 2.766058 2.809617 2.853862 2.898804 2.944454 2.990823 3.037921 3.085762 3.134356 3.183715 3.233852 3.284778 3.336506 3.389049 3.442419 3.496629 3.551694 3.607625 3.664438 3.722145 3.780761 3.840299 3.900776 3.962205 4.024601 4.087980 
1.549260 1.573657 1.598438 1.623609 1.649177 1.675147 1.701526 1.728321 1.755538 1.783183 1.811264 1.839787 1.868759 1.898188 1.928080 1.958442 1.989283 2.020610 2.052430 2.084750 2.117580 2.150927 2.184799 2.219205 2.254152 2.289650 2.325707 2.362331 2.399533 2.437320 2.475702 2.514689 2.554289 2.594514 2.635371 2.676872 2.719027 2.761846 2.805339 2.849516 2.894390 2.939970 2.986268 3.033295 3.081063 3.129583 3.178867 3.228927 3.279776 3.331425 3.383888 3.437176 3.491304 3.546285 3.602131 3.658857 3.716476 3.775003 3.834451 3.894835 3.956171 4.018472 4.081755 4.146034 
1.571093 1.595833 1.620964 1.646490 1.672418 1.698754 1.725505 1.752678 1.780278 1.808313 1.836790 1.865715 1.895095 1.924938 1.955251 1.986042 2.017317 2.049085 2.081354 2.114130 2.147423 2.181239 2.215589 2.250479 2.285919 2.321917 2.358482 2.395623 2.433348 2.471668 2.510591 2.550127 2.590286 2.631077 2.672510 2.714596 2.757345 2.800767 2.844873 2.889673 2.935179 2.981402 3.028352 3.076042 3.124483 3.173687 3.223665 3.274431 3.325996 3.378373 3.431575 3.485615 3.540506 3.596261 3.652895 3.710420 3.768851 3.828202 3.888488 3.949724 4.011923 4.075103 4.139277 4.204462 
1.593058 1.618144 1.643626 1.669509 1.695799 1.722504 1.749629 1.777181 1.805168 1.833595 1.862469 1.891799 1.921590 1.951850 1.982587 2.013808 2.045521 2.077733 2.110452 2.143687 2.177445 2.211735 2.246565 2.281943 2.317878 2.354379 2.391455 2.429115 2.467368 2.506224 2.545691 2.585780 2.626500 2.667861 2.709874 2.752549 2.795895 2.839924 2.884647 2.930073 2.976215 3.023084 3.070691 3.119048 3.168166 3.218057 3.268735 3.320210 3.372496 3.425605 3.479551 3.534347 3.590005 3.646540 3.703965 3.762294 3.821542 3.881723 3.942852 4.004944 4.068013 4.132075 4.197147 4.263243 
1.615146 1.640581 1.666416 1.692657 1.719312 1.746387 1.773889 1.801823 1.830197 1.859018 1.888293 1.918029 1.948234 1.978914 2.010077 2.041731 2.073883 2.106542 2.139715 2.173410 2.207637 2.242402 2.277714 2.313583 2.350017 2.387024 2.424614 2.462796 2.501580 2.540974 2.580988 2.621633 2.662918 2.704853 2.747448 2.790714 2.834662 2.879301 2.924644 2.970700 3.017482 3.065001 3.113268 3.162295 3.212094 3.262677 3.314057 3.366246 3.419257 3.473103 3.527797 3.583352 3.639782 3.697101 3.755322 3.814460 3.874530 3.935545 3.997522 4.060474 4.124418 4.189369 4.255342 4.322355 
1.637349 1.663133 1.689323 1.715926 1.742948 1.770395 1.798274 1.826592 1.855357 1.884574 1.914251 1.944396 1.975016 2.006117 2.037709 2.069798 2.102392 2.135500 2.169129 2.203288 2.237985 2.273228 2.309026 2.345387 2.382322 2.419838 2.457945 2.496652 2.535968 2.575904 2.616469 2.657672 2.699524 2.742036 2.785217 2.829078 2.873629 2.918882 2.964848 3.011538 3.058963 3.107135 3.156065 3.205766 3.256250 3.307529 3.359615 3.412522 3.466261 3.520847 3.576293 3.632612 3.689817 3.747924 3.806946 3.866897 3.927792 3.989646 4.052475 4.116292 4.181115 4.246959 4.313839 4.381773 
1.659658 1.685793 1.712340 1.739305 1.766695 1.794516 1.822775 1.851479 1.880635 1.910251 1.940333 1.970888 2.001925 2.033450 2.065472 2.097999 2.131037 2.164596 2.198683 2.233307 2.268477 2.304200 2.340486 2.377343 2.414781 2.452808 2.491434 2.530668 2.570521 2.611000 2.652118 2.693882 2.736305 2.779396 2.823165 2.867623 2.912782 2.958652 3.005244 3.052570 3.100641 3.149469 3.199066 3.249444 3.300616 3.352593 3.405389 3.459016 3.513488 3.568818 3.625019 3.682105 3.740090 3.798989 3.858814 3.919582 3.981307 4.044004 4.107689 4.172376 4.238082 4.304823 4.372615 4.441474 
1.682062 1.708550 1.735456 1.762785 1.790544 1.818741 1.847381 1.876473 1.906023 1.936038 1.966526 1.997494 2.028950 2.060901 2.093355 2.126321 2.159805 2.193817 2.228364 2.263456 2.299100 2.335305 2.372081 2.409436 2.447379 2.485920 2.525067 2.564831 2.605221 2.646248 2.687920 2.730248 2.773244 2.816916 2.861276 2.906335 2.952103 2.998592 3.045813 3.093778 3.142498 3.191985 3.242252 3.293310 3.345172 3.397851 3.451360 3.505711 3.560919 3.616995 3.673955 3.731812 3.790580 3.850273 3.910906 3.972495 4.035053 4.098596 4.163140 4.228701 4.295294 4.362935 4.431642 4.501431 
1.704553 1.731395 1.758660 1.786354 1.814485 1.843059 1.872082 1.901563 1.931508 1.961925 1.992820 2.024202 2.056079 2.088457 2.121345 2.154751 2.188683 2.223150 2.258159 2.293720 2.329841 2.366530 2.403798 2.441652 2.480102 2.519158 2.558829 2.599125 2.640055 2.681630 2.723860 2.766754 2.810324 2.854580 2.899534 2.945195 2.991575 3.038686 3.086538 3.135144 3.184516 3.234665 3.285603 3.337344 3.389900 3.443283 3.497507 3.552585 3.608531 3.665357 3.723079 3.781709 3.841263 3.901754 3.963198 4.025610 4.089005 4.153397 4.218805 4.285242 4.352725 4.421271 4.490897 4.561619 
1.727119 1.754317 1.781943 1.810004 1.838507 1.867459 1.896867 1.926738 1.957079 1.987898 2.019203 2.051000 2.083299 2.116106 2.149429 2.183278 2.217659 2.252582 2.288055 2.324086 2.360685 2.397861 2.435621 2.473977 2.512936 2.552509 2.592705 2.633534 2.675007 2.717132 2.759920 2.803383 2.847530 2.892372 2.937920 2.984186 3.031180 3.078914 3.127400 3.176650 3.226675 3.277488 3.329101 3.381527 3.434778 3.488869 3.543811 3.599618 3.656304 3.713882 3.772368 3.831774 3.892116 3.953409 4.015666 4.078904 4.143138 4.208384 4.274657 4.341973 4.410350 4.479803 4.550351 4.622009 
1.749750 1.777304 1.805293 1.833721 1.862598 1.891929 1.921722 1.951985 1.982724 2.013947 2.045662 2.077876 2.110598 2.143834 2.177595 2.211887 2.246719 2.282099 2.318037 2.354541 2.391619 2.429282 2.467537 2.506395 2.545865 2.585957 2.626679 2.668044 2.710059 2.752736 2.796086 2.840118 2.884843 2.930273 2.976418 3.023290 3.070900 3.119260 3.168381 3.218276 3.268956 3.320435 3.372725 3.425837 3.479787 3.534586 3.590248 3.646786 3.704215 3.762548 3.821800 3.881985 3.943118 4.005213 4.068286 4.132353 4.197429 4.263529 4.330670 4.398869 4.468142 4.538505 4.609977 4.682574 
1.772436 1.800348 1.828699 1.857496 1.886747 1.916459 1.946638 1.977293 2.008431 2.040058 2.072184 2.104816 2.137962 2.171630 2.205828 2.240565 2.275848 2.311688 2.348091 2.385068 2.422627 2.460778 2.499530 2.538891 2.578873 2.619484 2.660735 2.702636 2.745196 2.788427 2.832338 2.876941 2.922246 2.968265 3.015008 3.062488 3.110715 3.159702 3.209460 3.260002 3.311340 3.363486 3.416453 3.470255 3.524903 3.580413 3.636796 3.694068 3.752241 3.811331 3.871351 3.932316 3.994241 4.057142 4.121033 4.185930 4.251849 4.318807 4.386819 4.455902 4.526072 4.597348 4.669747 4.743285 
1.795166 1.823435 1.852149 1.881316 1.910942 1.941035 1.971601 2.002649 2.034186 2.066220 2.098758 2.131808 2.165379 2.199479 2.234115 2.269297 2.305033 2.341332 2.378203 2.415654 2.453695 2.492335 2.531583 2.571450 2.611944 2.653076 2.694856 2.737294 2.780400 2.824185 2.868659 2.913834 2.959721 3.006329 3.053672 3.101761 3.150606 3.200221 3.250618 3.301808 3.353804 3.406619 3.460265 3.514757 3.570106 3.626327 3.683434 3.741440 3.800359 3.860207 3.920996 3.982743 4.045463 4.109170 4.173880 4.239610 4.306374 4.374190 4.443074 4.513043 4.584114 4.656303 4.729630 4.804112 
1.817927 1.846554 1.875633 1.905170 1.935171 1.965646 1.996600 2.028041 2.059978 2.092418 2.125368 2.158838 2.192834 2.227366 2.262442 2.298070 2.334259 2.371018 2.408356 2.446282 2.484806 2.523935 2.563682 2.604054 2.645061 2.686715 2.729025 2.772001 2.815653 2.859993 2.905032 2.950779 2.997247 3.044447 3.092390 3.141089 3.190554 3.240798 3.291833 3.343672 3.396327 3.449812 3.504138 3.559321 3.615372 3.672306 3.730137 3.788878 3.848545 3.909151 3.970711 4.033241 4.096756 4.161271 4.226801 4.293364 4.360975 4.429651 4.499408 4.570264 4.642236 4.715341 4.789598 4.865023 
1.840708 1.869694 1.899137 1.929044 1.959422 1.990278 2.021620 2.053455 2.085792 2.118639 2.152002 2.185891 2.220314 2.255278 2.290793 2.326868 2.363511 2.400731 2.438536 2.476938 2.515944 2.555564 2.595808 2.636686 2.678208 2.720383 2.763223 2.806738 2.850937 2.895833 2.941436 2.987757 3.034807 3.082598 3.131142 3.180451 3.230536 3.281409 3.333084 3.385573 3.438888 3.493043 3.548050 3.603924 3.660678 3.718325 3.776881 3.836358 3.896772 3.958138 4.020470 4.083783 4.148094 4.213417 4.279769 4.347166 4.415624 4.485161 4.555792 4.627536 4.700409 4.774431 4.849618 4.925988 
1.863496 1.892842 1.922650 1.952927 1.983680 2.014918 2.046649 2.078878 2.111616 2.144869 2.178645 2.212954 2.247802 2.283200 2.319155 2.355676 2.392772 2.430453 2.468727 2.507604 2.547093 2.587203 2.627946 2.669330 2.711366 2.754063 2.797434 2.841487 2.886234 2.931685 2.977853 3.024747 3.072380 3.120763 3.169908 3.219827 3.270532 3.322035 3.374350 3.427488 3.481463 3.536289 3.591977 3.648543 3.705999 3.764360 3.823641 3.883854 3.945016 4.007142 4.070245 4.134343 4.199449 4.265581 4.332755 4.400986 4.470292 4.540689 4.612195 4.684827 4.758603 4.833541 4.909658 4.986975 
1.886281 1.915985 1.946157 1.976804 2.007934 2.039554 2.071672 2.104296 2.137434 2.171093 2.205283 2.240011 2.275286 2.311116 2.347511 2.384478 2.422028 2.460170 2.498912 2.538264 2.578235 2.618837 2.660077 2.701967 2.744517 2.787737 2.831637 2.876229 2.921523 2.967530 3.014262 3.061730 3.109945 3.158920 3.208666 3.259195 3.310520 3.362653 3.415607 3.469395 3.524030 3.579526 3.635895 3.693153 3.751311 3.810386 3.870391 3.931341 3.993251 4.056136 4.120011 4.184892 4.250795 4.317735 4.385730 4.454796 4.524949 4.596207 4.668587 4.742107 4.816785 4.892639 4.969687 5.047949 
1.909048 1.939111 1.969647 2.000664 2.032170 2.064171 2.096677 2.129695 2.163232 2.197298 2.231900 2.267048 2.302748 2.339011 2.375845 2.413259 2.451262 2.489864 2.529073 2.568900 2.609355 2.650446 2.692184 2.734580 2.777643 2.821385 2.865815 2.910945 2.956786 3.003348 3.050644 3.098685 3.147482 3.197048 3.247394 3.298533 3.350478 3.403240 3.456833 3.511271 3.566565 3.622731 3.679781 3.737729 3.796590 3.856377 3.917107 3.978792 4.041449 4.105093 4.169739 4.235403 4.302102 4.369850 4.438666 4.508565 4.579565 4.651683 4.724936 4.799344 4.874923 4.951692 5.029670 5.108877 
1.931785 1.962206 1.993106 2.024492 2.056373 2.088756 2.121649 2.155060 2.188997 2.223468 2.258483 2.294048 2.330174 2.366869 2.404142 2.442001 2.480457 2.519519 2.559195 2.599496 2.640432 2.682013 2.724249 2.767149 2.810726 2.854988 2.899948 2.945615 2.992002 3.039119 3.086978 3.135591 3.184969 3.235125 3.286071 3.337819 3.390382 3.443773 3.498005 3.553091 3.609044 3.665878 3.723607 3.782246 3.841808 3.902308 3.963760 4.026181 4.089584 4.153986 4.219402 4.285848 4.353340 4.421896 4.491531 4.562262 4.634108 4.707085 4.781211 4.856505 4.932984 5.010667 5.089574 5.169724 
1.954478 1.985257 2.016520 2.048275 2.080530 2.113294 2.146573 2.180376 2.214712 2.249589 2.285014 2.320998 2.357548 2.394674 2.432384 2.470689 2.509596 2.549117 2.589259 2.630034 2.671451 2.713520 2.756252 2.799657 2.843745 2.888527 2.934015 2.980219 3.027150 3.074821 3.123243 3.172426 3.222385 3.273130 3.324675 3.377031 3.430211 3.484229 3.539098 3.594831 3.651441 3.708943 3.767351 3.826678 3.886940 3.948150 4.010325 4.073478 4.137626 4.202785 4.268969 4.336196 4.404481 4.473842 4.544295 4.615858 4.688547 4.762381 4.837378 4.913556 4.990934 5.069530 5.149364 5.230455 
1.977115 2.008250 2.039875 2.071998 2.104627 2.137770 2.171435 2.205630 2.240363 2.275643 2.311479 2.347880 2.384853 2.422409 2.460556 2.499304 2.538663 2.578641 2.619248 2.660495 2.702392 2.744948 2.788175 2.832082 2.876681 2.921982 2.967997 3.014736 3.062211 3.110434 3.159416 3.209170 3.259707 3.311040 3.363181 3.416144 3.469940 3.524584 3.580088 3.636466 3.693732 3.751900 3.810984 3.870999 3.931958 3.993878 4.056772 4.120657 4.185548 4.251461 4.318412 4.386418 4.455494 4.525658 4.596927 4.669318 4.742850 4.817539 4.893405 4.970465 5.048739 5.128245 5.209004 5.291034 
1.999681 2.031171 2.063157 2.095647 2.128649 2.162170 2.196219 2.230804 2.265934 2.301617 2.337862 2.374678 2.412073 2.450058 2.488641 2.527831 2.567638 2.608073 2.649144 2.690862 2.733236 2.776279 2.819999 2.864407 2.909515 2.955333 3.001873 3.049145 3.097162 3.145936 3.195477 3.245798 3.296912 3.348831 3.401568 3.455135 3.509545 3.564812 3.620950 3.677972 3.735892 3.794723 3.854482 3.915181 3.976836 4.039463 4.103075 4.167689 4.233321 4.299986 4.367701 4.436483 4.506348 4.577313 4.649395 4.722613 4.796983 4.872525 4.949256 5.027196 5.106363 5.186777 5.268457 5.351424 
2.022163 2.054007 2.086352 2.119207 2.152580 2.186478 2.220910 2.255884 2.291409 2.327493 2.364146 2.401375 2.439191 2.477603 2.516619 2.556250 2.596505 2.637394 2.678927 2.721114 2.763965 2.807491 2.851703 2.896610 2.942225 2.988559 3.035622 3.083426 3.131983 3.181304 3.231402 3.282290 3.333978 3.386481 3.439810 3.493979 3.549002 3.604890 3.661659 3.719322 3.777893 3.837386 3.897816 3.959198 4.021546 4.084877 4.149204 4.214545 4.280915 4.348329 4.416806 4.486360 4.557011 4.628773 4.701666 4.775707 4.850914 4.927305 5.004899 5.083715 5.163772 5.245090 5.327688 5.411587 
2.044545 2.076742 2.109446 2.142664 2.176406 2.210680 2.245492 2.280854 2.316772 2.353255 2.390314 2.427956 2.466190 2.505027 2.544475 2.584545 2.625245 2.666587 2.708579 2.751233 2.794559 2.838567 2.883268 2.928672 2.974792 3.021638 3.069222 3.117556 3.166650 3.216517 3.267170 3.318621 3.370881 3.423965 3.477885 3.532653 3.588285 3.644792 3.702189 3.760490 3.819709 3.879861 3.940960 4.003021 4.066060 4.130091 4.195131 4.261195 4.328299 4.396460 4.465694 4.536019 4.607451 4.680008 4.753708 4.828568 4.904607 4.981844 5.060296 5.139985 5.220928 5.303146 5.386659 5.471486 
2.066815 2.099362 2.132422 2.166003 2.200112 2.234759 2.269951 2.305697 2.342007 2.378888 2.416350 2.454401 2.493053 2.532312 2.572190 2.612696 2.653840 2.695632 2.738082 2.781200 2.824998 2.869485 2.914673 2.960572 3.007195 3.054551 3.102653 3.151513 3.201142 3.251553 3.302757 3.354768 3.407598 3.461260 3.515767 3.571132 3.627369 3.684492 3.742514 3.801451 3.861315 3.922122 3.983886 4.046623 4.110349 4.175077 4.240825 4.307609 4.375444 4.444347 4.514336 4.585426 4.657636 4.730984 4.805486 4.881162 4.958029 5.036107 5.115414 5.195970 5.277795 5.360909 5.445331 5.531083 
2.088957 2.121853 2.155267 2.189207 2.223682 2.258700 2.294269 2.330398 2.367097 2.404373 2.442236 2.480696 2.519761 2.559441 2.599746 2.640686 2.682271 2.724511 2.767415 2.810996 2.855263 2.900226 2.945898 2.992289 3.039411 3.087275 3.135892 3.185275 3.235436 3.286387 3.338140 3.390708 3.444104 3.498341 3.553432 3.609390 3.666230 3.723964 3.782608 3.842176 3.902681 3.964140 4.026566 4.089975 4.154383 4.219805 4.286258 4.353757 4.422318 4.491960 4.562698 4.634550 4.707534 4.781667 4.856968 4.933454 5.011145 5.090059 5.170216 5.251635 5.334337 5.418340 5.503667 5.590337 
2.110956 2.144198 2.177965 2.212262 2.247100 2.282487 2.318431 2.354940 2.392025 2.429694 2.467956 2.506821 2.546297 2.586396 2.627125 2.668496 2.710519 2.753203 2.796560 2.840599 2.885332 2.930770 2.976922 3.023802 3.071420 3.119788 3.168917 3.218821 3.269510 3.320997 3.373295 3.426417 3.480375 3.535183 3.590854 3.647402 3.704840 3.763183 3.822444 3.882639 3.943782 4.005888 4.068971 4.133048 4.198134 4.264245 4.331398 4.399607 4.468891 4.539266 4.610749 4.683358 4.757111 4.832024 4.908118 4.985410 5.063918 5.143664 5.224665 5.306942 5.390514 5.475402 5.561628 5.649211 
2.132798 2.166384 2.200500 2.235153 2.270351 2.306104 2.342419 2.379307 2.416776 2.454834 2.493492 2.532759 2.572644 2.613157 2.654308 2.696107 2.738565 2.781691 2.825496 2.869991 2.915187 2.961094 3.007725 3.055090 3.103200 3.152069 3.201706 3.252126 3.303339 3.355359 3.408199 3.461870 3.516387 3.571762 3.628009 3.685142 3.743174 3.802121 3.861995 3.922813 3.984588 4.047337 4.111073 4.175813 4.241573 4.308368 4.376215 4.445130 4.515131 4.586234 4.658457 4.731817 4.806332 4.882021 4.958902 5.036993 5.116315 5.196885 5.278724 5.361852 5.446289 5.532056 5.619173 5.707663 
2.154467 2.188395 2.222857 2.257862 2.293418 2.329534 2.366219 2.403481 2.441330 2.479776 2.518826 2.558492 2.598782 2.639707 2.681277 2.723500 2.766389 2.809954 2.854204 2.899151 2.944806 2.991180 3.038284 3.086130 3.134729 3.184094 3.234236 3.285168 3.336902 3.389451 3.442827 3.497043 3.552114 3.608052 3.664870 3.722583 3.781206 3.840751 3.901234 3.962670 4.025073 4.088458 4.152842 4.218240 4.284668 4.352142 4.420678 4.490294 4.561006 4.632831 4.705788 4.779893 4.855166 4.931623 5.009285 5.088170 5.168297 5.249686 5.332357 5.416330 5.501624 5.588263 5.676265 5.765653 
2.175949 2.210215 2.245021 2.280375 2.316286 2.352762 2.389812 2.427446 2.465673 2.504501 2.543941 2.584003 2.624695 2.666028 2.708011 2.750656 2.793973 2.837971 2.882663 2.928058 2.974168 3.021005 3.068579 3.116902 3.165986 3.215843 3.266485 3.317925 3.370174 3.423247 3.477155 3.531912 3.587532 3.644027 3.701412 3.759701 3.818908 3.879047 3.940133 4.002181 4.065206 4.129224 4.194250 4.260300 4.327390 4.395537 4.464756 4.535066 4.606483 4.679025 4.752709 4.827553 4.903576 4.980796 5.059232 5.138904 5.219830 5.302030 5.385525 5.470335 5.556481 5.643982 5.732862 5.823142 
2.197228 2.231829 2.266976 2.302675 2.338937 2.375770 2.413183 2.451185 2.489785 2.528994 2.568819 2.609272 2.650362 2.692099 2.734494 2.777556 2.821296 2.865725 2.910853 2.956692 3.003254 3.050548 3.098587 3.147383 3.196947 3.247291 3.298429 3.350371 3.403132 3.456724 3.511159 3.566452 3.622615 3.679663 3.737609 3.796468 3.856254 3.916981 3.978665 4.041320 4.104961 4.169605 4.235267 4.301962 4.369709 4.438522 4.508418 4.579415 4.651531 4.724782 4.799186 4.874763 4.951529 5.029504 5.108708 5.189158 5.270876 5.353880 5.438191 5.523831 5.610818 5.699176 5.788925 5.880087 
2.218289 2.253222 2.288705 2.324747 2.361356 2.398542 2.436313 2.474680 2.513650 2.553234 2.593442 2.634283 2.675767 2.717904 2.760704 2.804179 2.848338 2.893193 2.938754 2.985033 3.032040 3.079788 3.128288 3.177551 3.227590 3.278417 3.330045 3.382485 3.435752 3.489857 3.544814 3.600637 3.657339 3.714934 3.773435 3.832858 3.893217 3.954526 4.016801 4.080056 4.144308 4.209571 4.275863 4.343198 4.411593 4.481066 4.551632 4.623310 4.696117 4.770070 4.845188 4.921488 4.998990 5.077713 5.157676 5.238897 5.321398 5.405198 5.490317 5.576777 5.664599 5.753803 5.844413 5.936449 
2.239116 2.274377 2.310193 2.346573 2.383526 2.421061 2.459188 2.497914 2.537250 2.577206 2.617791 2.659015 2.700889 2.743422 2.786624 2.830507 2.875081 2.920357 2.966346 3.013059 3.060508 3.108704 3.157659 3.207385 3.257894 3.309198 3.361310 3.414243 3.468010 3.522623 3.578096 3.634443 3.691677 3.749813 3.808864 3.868844 3.929770 3.991655 4.054514 4.118364 4.183218 4.249094 4.316008 4.383975 4.453013 4.523138 4.594367 4.666718 4.740208 4.814855 4.890678 4.967695 5.045925 5.125387 5.206100 5.288084 5.371360 5.455946 5.541865 5.629137 5.717783 5.807825 5.899285 5.992185 
2.259694 2.295279 2.331424 2.368139 2.405431 2.443311 2.481788 2.520870 2.560568 2.600891 2.641849 2.683452 2.725711 2.768634 2.812234 2.856520 2.901504 2.947196 2.993607 3.040750 3.088635 3.137273 3.186678 3.236861 3.287834 3.339610 3.392201 3.445621 3.499881 3.554997 3.610980 3.667844 3.725604 3.784274 3.843868 3.904400 3.965885 4.028339 4.091776 4.156212 4.221663 4.288145 4.355673 4.424265 4.493937 4.564706 4.636590 4.709606 4.783771 4.859105 4.935624 5.013349 5.092298 5.172490 5.253945 5.336683 5.420723 5.506087 5.592796 5.680869 5.770330 5.861200 5.953500 6.047254 
2.280007 2.315912 2.352382 2.389427 2.427055 2.465275 2.504098 2.543531 2.583586 2.624272 2.665598 2.707575 2.750213 2.793523 2.837514 2.882198 2.927586 2.973689 3.020518 3.068084 3.116400 3.165476 3.215325 3.265959 3.317390 3.369631 3.422695 3.476595 3.531343 3.586954 3.643440 3.700816 3.759095 3.818292 3.878422 3.939498 4.001536 4.064551 4.128559 4.193574 4.259613 4.326692 4.394828 4.464036 4.534335 4.605740 4.678270 4.751942 4.826774 4.902785 4.979993 5.058416 5.138075 5.218987 5.301175 5.384656 5.469452 5.555583 5.643071 5.731937 5.822201 5.913888 6.007018 6.101615 
2.300040 2.336260 2.373051 2.410421 2.448380 2.486936 2.526099 2.565880 2.606286 2.647329 2.689019 2.731365 2.774377 2.818067 2.862446 2.907523 2.953309 2.999817 3.047057 3.095042 3.143781 3.193289 3.243576 3.294655 3.346538 3.399238 3.452768 3.507142 3.562371 3.618470 3.675453 3.733333 3.792124 3.851841 3.912499 3.974112 4.036695 4.100264 4.164834 4.230420 4.297040 4.364708 4.433442 4.503259 4.574175 4.646208 4.719375 4.793694 4.869184 4.945862 5.023748 5.102861 5.183219 5.264843 5.347752 5.431967 5.517508 5.604397 5.692653 5.782299 5.873357 5.965849 6.059798 6.155225 
