1.000000 1.064494 1.133148 1.206230 1.284025 1.366838 1.454991 1.548830 1.648721 1.755055 1.868246 1.988737 2.117000 2.253535 2.398875 2.553589 
1.064451 1.133094 1.206167 1.283954 1.366759 1.454905 1.548737 1.648622 1.754950 1.868135 1.988622 2.116880 2.253411 2.398750 2.553463 2.718158 
1.132780 1.205824 1.283582 1.366358 1.454474 1.548276 1.648129 1.754424 1.867575 1.988026 2.116247 2.252739 2.398037 2.552708 2.717358 2.892631 
1.204908 1.282598 1.365304 1.453347 1.547072 1.646844 1.753053 1.866115 1.986470 2.114590 2.250975 2.396159 2.550710 2.715233 2.890370 3.076809 
1.280696 1.363270 1.451176 1.544754 1.644372 1.750419 1.863307 1.983479 2.111404 2.247582 2.392547 2.546863 2.711137 2.886009 3.072166 3.270335 
1.359937 1.447619 1.540961 1.640329 1.746110 1.858716 1.978589 2.106196 2.242036 2.386640 2.540573 2.704439 2.878877 3.064571 3.262247 3.472679 
1.442348 1.535343 1.634342 1.739731 1.851921 1.971352 2.098488 2.233828 2.377899 2.531266 2.694528 2.868324 3.053333 3.250280 3.459936 3.683121 
1.527567 1.626057 1.730906 1.842522 1.961342 2.087829 2.222477 2.365813 2.518397 2.680826 2.853734 3.037798 3.233738 3.442321 3.664363 3.900733 
1.615146 1.719285 1.830147 1.948164 2.073797 2.207537 2.349906 2.501460 2.662793 2.834534 3.017356 3.211972 3.419146 3.639686 3.874456 4.124376 
1.704553 1.814459 1.931461 2.056013 2.188602 2.329746 2.479997 2.639942 2.810206 2.991454 3.184396 3.389785 3.608426 3.841172 4.088935 4.352685 
1.795166 1.910919 2.034143 2.165319 2.304960 2.453609 2.611849 2.780298 2.959614 3.150498 3.353696 3.570003 3.800264 4.045381 4.306312 4.584078 
1.886281 2.007915 2.137397 2.275235 2.421965 2.578162 2.744435 2.921435 3.109854 3.310426 3.523938 3.751223 3.993171 4.250726 4.524897 4.816755 
1.977115 2.104612 2.240334 2.384813 2.538612 2.702333 2.876616 3.062141 3.259633 3.469866 3.693659 3.931888 4.185485 4.455440 4.742809 5.048716 
2.066815 2.200101 2.341986 2.493023 2.653804 2.824955 3.007147 3.201091 3.407545 3.627315 3.861262 4.110298 4.375399 4.657599 4.958001 5.277780 
2.154467 2.293412 2.441318 2.598765 2.766367 2.944780 3.134700 3.336870 3.552081 3.781172 4.025040 4.284638 4.560979 4.855144 5.168282 5.501617 
2.239116 2.383524 2.537246 2.700881 2.875071 3.060496 3.257881 3.467996 3.691663 3.929755 4.183204 4.453000 4.740197 5.045917 5.371354 5.717781 
