1.000000 1.031743 1.064494 1.098285 1.133148 1.169118 1.206230 1.244520 1.284025 1.324785 1.366838 1.410226 1.454991 1.501178 1.548830 1.597995 1.648721 1.701057 1.755055 1.810766 1.868246 1.927550 1.988737 2.051867 2.117000 2.184201 2.253535 2.325070 2.398875 2.475024 2.553589 2.634649 
1.031738 1.064488 1.098278 1.133141 1.169111 1.206222 1.244511 1.284016 1.324775 1.366828 1.410215 1.454980 1.501166 1.548818 1.597983 1.648709 1.701044 1.755041 1.810752 1.868232 1.927536 1.988723 2.051852 2.116985 2.184186 2.253519 2.325054 2.398860 2.475008 2.553574 2.634634 2.718267 
1.064451 1.098239 1.133100 1.169068 1.206178 1.244465 1.283968 1.324725 1.366776 1.410162 1.454925 1.501110 1.548760 1.597923 1.648646 1.700980 1.754975 1.810684 1.868161 1.927463 1.988648 2.051775 2.116905 2.184104 2.253435 2.324968 2.398771 2.474917 2.553480 2.634537 2.718168 2.804453 
1.098134 1.132991 1.168955 1.206061 1.244344 1.283843 1.324596 1.366643 1.410024 1.454783 1.500962 1.548607 1.597765 1.648484 1.700812 1.754802 1.810505 1.867977 1.927273 1.988452 2.051573 2.116697 2.183889 2.253214 2.324739 2.398535 2.474674 2.553230 2.634280 2.717902 2.804180 2.893196 
1.132780 1.168736 1.205834 1.244110 1.283601 1.324346 1.366384 1.409757 1.454507 1.500678 1.548314 1.597462 1.648171 1.700490 1.754469 1.810162 1.867623 1.926908 1.988075 2.051183 2.116295 2.183475 2.252786 2.324298 2.398081 2.474205 2.552746 2.633781 2.717388 2.803649 2.892649 2.984474 
1.168376 1.205462 1.243726 1.283204 1.323936 1.365961 1.409320 1.454056 1.500212 1.547833 1.596966 1.647659 1.699961 1.753923 1.809598 1.867041 1.926308 1.987456 2.050545 2.115637 2.182795 2.252085 2.323575 2.397334 2.473435 2.551952 2.632961 2.716543 2.802777 2.891749 2.983546 3.078258 
1.204908 1.243153 1.282613 1.323326 1.365331 1.408670 1.453384 1.499519 1.547117 1.596227 1.646897 1.699174 1.753112 1.808761 1.866177 1.925416 1.986536 2.049595 2.114657 2.181784 2.251042 2.322499 2.396224 2.472290 2.550770 2.631742 2.715285 2.801480 2.890411 2.982165 3.076833 3.174506 
1.242356 1.281790 1.322476 1.364453 1.407764 1.452449 1.498554 1.546122 1.595200 1.645836 1.698080 1.751982 1.807596 1.864975 1.924175 1.985255 2.048274 2.113294 2.180378 2.249591 2.321002 2.394679 2.470696 2.549126 2.630045 2.713534 2.799673 2.888547 2.980242 3.074849 3.172458 3.273167 
1.280696 1.321347 1.363288 1.406561 1.451208 1.497273 1.544800 1.593835 1.644428 1.696627 1.750483 1.806049 1.863378 1.922528 1.983556 2.046521 2.111484 2.178511 2.247665 2.319014 2.392628 2.468580 2.546942 2.627793 2.711210 2.797275 2.886073 2.977689 3.072215 3.169741 3.270363 3.374180 
1.319901 1.361796 1.405021 1.449619 1.495632 1.543107 1.592088 1.642625 1.694767 1.748563 1.804068 1.861334 1.920419 1.981379 2.044275 2.109168 2.176120 2.245198 2.316469 2.390002 2.465870 2.544147 2.624908 2.708234 2.794204 2.882904 2.974420 3.068842 3.166261 3.266772 3.370475 3.477471 
1.359937 1.403103 1.447639 1.493589 1.540998 1.589913 1.640380 1.692450 1.746173 1.801601 1.858789 1.917793 1.978670 2.041479 2.106283 2.173144 2.242127 2.313300 2.386733 2.462497 2.540666 2.621317 2.704528 2.790381 2.878959 2.970350 3.064642 3.161927 3.262301 3.365862 3.472711 3.582952 
1.400767 1.445229 1.491102 1.538432 1.587264 1.637647 1.689630 1.743263 1.798599 1.855691 1.914596 1.975371 2.038076 2.102771 2.169520 2.238388 2.309443 2.382753 2.458390 2.536429 2.616945 2.700018 2.785727 2.874158 2.965395 3.059530 3.156653 3.256859 3.360247 3.466917 3.576973 3.690524 
1.442348 1.488130 1.535365 1.584099 1.634381 1.686260 1.739786 1.795011 1.851989 1.910776 1.971430 2.034009 2.098575 2.165191 2.233921 2.304834 2.377997 2.453484 2.531367 2.611722 2.694628 2.780166 2.868420 2.959476 3.053422 3.150351 3.250357 3.353537 3.459994 3.569831 3.683154 3.800076 
1.484633 1.531756 1.580376 1.630539 1.682296 1.735695 1.790790 1.847634 1.906283 1.966794 2.029225 2.093639 2.160098 2.228667 2.299412 2.372403 2.447712 2.525411 2.605577 2.688288 2.773625 2.861671 2.952512 3.046237 3.142937 3.242707 3.345645 3.451851 3.561429 3.674485 3.791131 3.911480 
1.527567 1.576053 1.626079 1.677694 1.730947 1.785890 1.842579 1.901067 1.961412 2.023672 2.087910 2.154186 2.222567 2.293118 2.365910 2.441012 2.518498 2.598445 2.680929 2.766032 2.853837 2.944429 3.037897 3.134332 3.233829 3.336485 3.442399 3.551676 3.664423 3.780749 3.900767 4.024597 
1.571093 1.620961 1.672412 1.725497 1.780268 1.836777 1.895081 1.955236 2.017300 2.081335 2.147402 2.215568 2.285897 2.358459 2.433324 2.510566 2.590261 2.672485 2.757319 2.844847 2.935154 3.028327 3.124458 3.223642 3.325973 3.431554 3.540486 3.652877 3.768836 3.888476 4.011915 4.139272 
1.615146 1.666413 1.719307 1.773881 1.830187 1.888281 1.948220 2.010061 2.073866 2.139696 2.207617 2.277693 2.349994 2.424591 2.501556 2.580964 2.662893 2.747423 2.834636 2.924618 3.017457 3.113243 3.212070 3.314034 3.419235 3.527776 3.639763 3.755305 3.874515 3.997510 4.124409 4.255338 
1.659658 1.712337 1.766689 1.822767 1.880626 1.940321 2.001911 2.065457 2.131020 2.198665 2.268457 2.340465 2.414759 2.491411 2.570497 2.652094 2.736281 2.823140 2.912757 3.005219 3.100616 3.199042 3.300592 3.405366 3.513467 3.624999 3.740072 3.858798 3.981293 4.107677 4.238074 4.372610 
1.704553 1.758657 1.814480 1.872075 1.931498 1.992809 2.056065 2.121330 2.188667 2.258142 2.329822 2.403778 2.480081 2.558807 2.640033 2.723836 2.810301 2.899510 2.991551 3.086514 3.184492 3.285580 3.389877 3.497485 3.608510 3.723059 3.841244 3.963182 4.088991 4.218793 4.352717 4.490892 
1.749750 1.805290 1.862593 1.921715 1.982715 2.045651 2.110585 2.177581 2.246703 2.318020 2.391601 2.467518 2.545845 2.626658 2.710038 2.796064 2.884820 2.976395 3.070877 3.168358 3.268934 3.372702 3.479765 3.590226 3.704195 3.821781 3.943100 4.068271 4.197415 4.330660 4.468134 4.609973 
1.795166 1.852147 1.910938 1.971595 2.034178 2.098747 2.165367 2.234102 2.305019 2.378187 2.453678 2.531565 2.611925 2.694836 2.780380 2.868638 2.959699 3.053651 3.150585 3.250596 3.353782 3.460244 3.570085 3.683414 3.800340 3.920978 4.045446 4.173866 4.306362 4.443064 4.584106 4.729626 
1.840708 1.899135 1.959417 2.021614 2.085784 2.151992 2.220302 2.290781 2.363497 2.438522 2.515928 2.595791 2.678190 2.763205 2.850918 2.941416 3.034787 3.131122 3.230515 3.333064 3.438868 3.548030 3.660659 3.776862 3.896755 4.020453 4.148079 4.279756 4.415613 4.555783 4.700403 4.849614 
1.886281 1.946155 2.007930 2.071667 2.137426 2.205274 2.275275 2.347499 2.422016 2.498898 2.578221 2.660062 2.744501 2.831620 2.921506 3.014244 3.109927 3.208647 3.310501 3.415588 3.524012 3.635877 3.751294 3.870374 3.993235 4.119996 4.250781 4.385718 4.524939 4.668579 4.816779 4.969684 
1.931785 1.993104 2.056370 2.121644 2.188990 2.258475 2.330165 2.404131 2.480446 2.559183 2.640419 2.724235 2.810711 2.899932 2.991986 3.086962 3.184953 3.286054 3.390366 3.497988 3.609027 3.723591 3.841792 3.963745 4.089569 4.219388 4.353328 4.491520 4.634099 4.781204 4.932979 5.089572 
1.977115 2.039873 2.104624 2.171430 2.240357 2.311472 2.384845 2.460547 2.538653 2.619237 2.702380 2.788163 2.876668 2.967983 3.062197 3.159402 3.259692 3.363166 3.469925 3.580073 3.693718 3.810970 3.931944 4.056759 4.185536 4.318401 4.455483 4.596918 4.742842 4.893398 5.048734 5.209001 
2.022163 2.086351 2.152577 2.220906 2.291404 2.364140 2.439184 2.516611 2.596497 2.678918 2.763955 2.851692 2.942214 3.035610 3.131970 3.231390 3.333965 3.439797 3.548989 3.661646 3.777880 3.897804 4.021534 4.149193 4.280904 4.416796 4.557001 4.701658 4.850907 5.004893 5.163768 5.327686 
2.066815 2.132421 2.200110 2.269948 2.342002 2.416345 2.493047 2.572184 2.653833 2.738074 2.824989 2.914664 3.007185 3.102643 3.201132 3.302747 3.407587 3.515756 3.627358 3.742504 3.861304 3.983876 4.110339 4.240816 4.375435 4.514327 4.657629 4.805479 4.958023 5.115410 5.277792 5.445329 
2.110956 2.177964 2.247099 2.318428 2.392022 2.467952 2.546293 2.627120 2.710513 2.796554 2.885325 2.976915 3.071412 3.168909 3.269501 3.373287 3.480366 3.590845 3.704831 3.822436 3.943773 4.068963 4.198126 4.331390 4.468884 4.610743 4.757105 4.908113 5.063914 5.224662 5.390512 5.561626 
2.154467 2.222857 2.293417 2.366217 2.441328 2.518823 2.598779 2.681273 2.766385 2.854199 2.944801 3.038278 3.134724 3.234230 3.336896 3.442820 3.552107 3.664863 3.781199 3.901227 4.025066 4.152836 4.284662 4.420672 4.561000 4.705783 4.855161 5.009282 5.168294 5.332355 5.501623 5.676264 
2.197228 2.266975 2.338936 2.413181 2.489784 2.568817 2.650360 2.734491 2.821293 2.910850 3.003250 3.098583 3.196943 3.298424 3.403128 3.511154 3.622611 3.737605 3.856249 3.978660 4.104957 4.235262 4.369704 4.508414 4.651527 4.799183 4.951526 5.108705 5.270874 5.438190 5.610818 5.788925 
2.239116 2.310193 2.383526 2.459187 2.537249 2.617790 2.700887 2.786623 2.875079 2.966344 3.060506 3.157656 3.257891 3.361307 3.468007 3.578093 3.691674 3.808861 3.929767 4.054511 4.183216 4.316005 4.453010 4.594364 4.740206 4.890676 5.045923 5.206099 5.371359 5.541864 5.717782 5.899285 
2.280007 2.352382 2.427054 2.504097 2.583586 2.665597 2.750212 2.837513 2.927586 3.020517 3.116398 3.215324 3.317389 3.422694 3.531342 3.643439 3.759094 3.878421 4.001535 4.128557 4.259612 4.394827 4.534334 4.678269 4.826773 4.979992 5.138074 5.301174 5.469452 5.643071 5.822201 6.007018 
