0.000000 0.046858 0.094437 0.141211 0.187604 0.233547 0.278952 0.323728 0.367783 0.411022 0.453352 0.494683 0.534924 0.573989 0.611792 0.648250 0.683284 0.716817 0.748777 0.779092 0.807697 0.834529 0.859529 0.882643 0.903819 0.923012 0.940180 0.955283 0.968291 0.979174 0.987908 0.994475 0.998859 1.001052 1.001048 0.998848 0.994457 0.987884 0.979144 0.968257 0.955245 0.940138 0.922970 0.903777 0.882603 0.859493 0.834499 0.807676 0.779082 0.748781 0.716839 0.683327 0.648318 0.611890 0.574122 0.535097 0.494902 0.453625 0.411356 0.368189 0.324219 0.279542 0.234257 0.188463 
0.047314 0.094149 0.141006 0.187448 0.233421 0.278847 0.323640 0.367707 0.410956 0.453295 0.494633 0.534880 0.573951 0.611759 0.648222 0.683260 0.716798 0.748761 0.779080 0.807689 0.834524 0.859527 0.882644 0.903823 0.923019 0.940189 0.955295 0.968305 0.979191 0.987927 0.994495 0.998882 1.001076 1.001074 0.998876 0.994486 0.987915 0.979176 0.968289 0.955278 0.940172 0.923004 0.903812 0.882638 0.859528 0.834534 0.807710 0.779116 0.748814 0.716871 0.683358 0.648348 0.611918 0.574148 0.535122 0.494924 0.453645 0.411374 0.368204 0.324231 0.279552 0.234263 0.188466 0.142261 
0.094437 0.141006 0.187375 0.233334 0.278763 0.323563 0.367637 0.410893 0.453239 0.494583 0.534836 0.573912 0.611724 0.648192 0.683234 0.716776 0.748743 0.779065 0.807677 0.834516 0.859522 0.882642 0.903824 0.923022 0.940195 0.955304 0.968316 0.979204 0.987942 0.994513 0.998901 1.001097 1.001097 0.998900 0.994512 0.987941 0.979204 0.968318 0.955308 0.940203 0.923035 0.903843 0.882669 0.859559 0.834565 0.807741 0.779146 0.748844 0.716900 0.683386 0.648375 0.611943 0.574172 0.535144 0.494945 0.453664 0.411390 0.368218 0.324243 0.279560 0.234269 0.188469 0.142260 0.095745 
0.141211 0.187448 0.233334 0.278730 0.323516 0.367586 0.410843 0.453191 0.494538 0.534795 0.573875 0.611691 0.648162 0.683208 0.716753 0.748723 0.779049 0.807664 0.834505 0.859515 0.882637 0.903822 0.923023 0.940198 0.955309 0.968324 0.979213 0.987954 0.994527 0.998917 1.001115 1.001116 0.998921 0.994534 0.987965 0.979228 0.968343 0.955334 0.940230 0.923063 0.903871 0.882697 0.859588 0.834593 0.807769 0.779174 0.748871 0.716927 0.683412 0.648399 0.611967 0.574194 0.535165 0.494964 0.453681 0.411405 0.368231 0.324253 0.279568 0.234274 0.188471 0.142259 0.095741 0.049018 
0.187604 0.233421 0.278763 0.323516 0.367567 0.410814 0.453158 0.494504 0.534762 0.573842 0.611661 0.648134 0.683183 0.716730 0.748703 0.779032 0.807649 0.834493 0.859505 0.882630 0.903818 0.923021 0.940198 0.955312 0.968329 0.979220 0.987963 0.994537 0.998929 1.001129 1.001132 0.998938 0.994552 0.987985 0.979249 0.968365 0.955357 0.940253 0.923087 0.903896 0.882722 0.859613 0.834619 0.807794 0.779199 0.748896 0.716951 0.683435 0.648422 0.611988 0.574214 0.535183 0.494981 0.453696 0.411419 0.368243 0.324262 0.279575 0.234278 0.188472 0.142258 0.095736 0.049011 0.002183 
0.233547 0.278847 0.323563 0.367586 0.410814 0.453146 0.494485 0.534739 0.573818 0.611636 0.648110 0.683160 0.716709 0.748684 0.779015 0.807634 0.834481 0.859495 0.882622 0.903811 0.923017 0.940196 0.955312 0.968331 0.979225 0.987969 0.994545 0.998939 1.001140 1.001145 0.998953 0.994568 0.988002 0.979267 0.968385 0.955377 0.940274 0.923108 0.903918 0.882745 0.859636 0.834641 0.807817 0.779222 0.748918 0.716973 0.683456 0.648442 0.612008 0.574233 0.535200 0.494997 0.453710 0.411431 0.368253 0.324270 0.279580 0.234281 0.188473 0.142256 0.095731 0.049002 0.002172 -0.044658 
0.278952 0.323640 0.367637 0.410843 0.453158 0.494485 0.534731 0.573805 0.611620 0.648092 0.683142 0.716691 0.748667 0.778999 0.807620 0.834468 0.859484 0.882613 0.903804 0.923012 0.940193 0.955311 0.968331 0.979227 0.987973 0.994551 0.998946 1.001149 1.001155 0.998964 0.994581 0.988016 0.979283 0.968401 0.955395 0.940292 0.923127 0.903937 0.882765 0.859656 0.834662 0.807837 0.779242 0.748938 0.716992 0.683475 0.648460 0.612025 0.574249 0.535215 0.495010 0.453722 0.411442 0.368262 0.324277 0.279585 0.234284 0.188473 0.142253 0.095726 0.048994 0.002160 -0.044673 -0.091402 
0.323728 0.367707 0.410893 0.453191 0.494504 0.534739 0.573805 0.611614 0.648083 0.683130 0.716679 0.748654 0.778986 0.807608 0.834456 0.859474 0.882604 0.903797 0.923006 0.940189 0.955308 0.968330 0.979227 0.987975 0.994555 0.998951 1.001156 1.001163 0.998974 0.994592 0.988028 0.979296 0.968415 0.955409 0.940308 0.923143 0.903954 0.882782 0.859673 0.834680 0.807855 0.779260 0.748956 0.717010 0.683492 0.648477 0.612040 0.574264 0.535229 0.495023 0.453733 0.411451 0.368269 0.324283 0.279589 0.234286 0.188473 0.142250 0.095720 0.048986 0.002149 -0.044687 -0.091420 -0.137945 
0.367783 0.410956 0.453239 0.494538 0.534762 0.573818 0.611620 0.648083 0.683126 0.716672 0.748645 0.778976 0.807598 0.834447 0.859464 0.882596 0.903789 0.923000 0.940184 0.955304 0.968328 0.979226 0.987976 0.994557 0.998955 1.001161 1.001169 0.998981 0.994600 0.988037 0.979306 0.968427 0.955422 0.940321 0.923157 0.903969 0.882797 0.859689 0.834695 0.807871 0.779275 0.748971 0.717025 0.683507 0.648491 0.612054 0.574277 0.535241 0.495034 0.453743 0.411459 0.368276 0.324288 0.279592 0.234287 0.188471 0.142247 0.095715 0.048977 0.002137 -0.044702 -0.091437 -0.137966 -0.184186 
0.411022 0.453295 0.494583 0.534795 0.573842 0.611636 0.648092 0.683130 0.716672 0.748642 0.778971 0.807592 0.834440 0.859457 0.882589 0.903783 0.922994 0.940179 0.955300 0.968325 0.979225 0.987975 0.994557 0.998957 1.001164 1.001174 0.998986 0.994607 0.988045 0.979315 0.968436 0.955432 0.940332 0.923169 0.903981 0.882810 0.859702 0.834709 0.807885 0.779289 0.748985 0.717039 0.683520 0.648504 0.612066 0.574288 0.535252 0.495043 0.453751 0.411467 0.368282 0.324292 0.279595 0.234287 0.188470 0.142243 0.095708 0.048968 0.002126 -0.044716 -0.091454 -0.137986 -0.184210 -0.230022 
0.453352 0.494633 0.534836 0.573875 0.611661 0.648110 0.683142 0.716679 0.748645 0.778971 0.807589 0.834436 0.859453 0.882584 0.903778 0.922989 0.940174 0.955296 0.968322 0.979223 0.987974 0.994557 0.998957 1.001166 1.001177 0.998990 0.994612 0.988051 0.979322 0.968444 0.955441 0.940342 0.923179 0.903992 0.882821 0.859713 0.834720 0.807897 0.779301 0.748997 0.717050 0.683532 0.648515 0.612077 0.574298 0.535261 0.495052 0.453759 0.411473 0.368287 0.324296 0.279597 0.234287 0.188468 0.142239 0.095702 0.048960 0.002115 -0.044730 -0.091471 -0.138006 -0.184233 -0.230049 -0.275354 
0.494683 0.534880 0.573912 0.611691 0.648134 0.683160 0.716691 0.748654 0.778976 0.807592 0.834436 0.859451 0.882581 0.903775 0.922985 0.940171 0.955293 0.968319 0.979220 0.987972 0.994556 0.998957 1.001166 1.001178 0.998993 0.994616 0.988055 0.979327 0.968450 0.955448 0.940349 0.923187 0.904000 0.882830 0.859723 0.834730 0.807907 0.779312 0.749007 0.717061 0.683542 0.648525 0.612086 0.574307 0.535269 0.495059 0.453765 0.411478 0.368291 0.324298 0.279598 0.234287 0.188466 0.142235 0.095696 0.048951 0.002104 -0.044744 -0.091488 -0.138025 -0.184255 -0.230074 -0.275383 -0.320080 
0.534924 0.573951 0.611724 0.648162 0.683183 0.716709 0.748667 0.778986 0.807598 0.834440 0.859453 0.882581 0.903773 0.922983 0.940168 0.955291 0.968317 0.979218 0.987971 0.994555 0.998957 1.001167 1.001179 0.998995 0.994618 0.988059 0.979331 0.968455 0.955453 0.940355 0.923194 0.904008 0.882838 0.859731 0.834739 0.807916 0.779320 0.749016 0.717069 0.683550 0.648533 0.612094 0.574314 0.535276 0.495065 0.453770 0.411482 0.368294 0.324300 0.279598 0.234286 0.188463 0.142230 0.095689 0.048942 0.002093 -0.044757 -0.091503 -0.138044 -0.184276 -0.230099 -0.275410 -0.320111 -0.364103 
0.573989 0.611759 0.648192 0.683208 0.716730 0.748684 0.778999 0.807608 0.834447 0.859457 0.882584 0.903775 0.922983 0.940168 0.955289 0.968315 0.979217 0.987969 0.994554 0.998956 1.001166 1.001180 0.998996 0.994620 0.988061 0.979334 0.968458 0.955457 0.940360 0.923200 0.904014 0.882844 0.859738 0.834746 0.807923 0.779328 0.749024 0.717077 0.683558 0.648540 0.612101 0.574321 0.535282 0.495070 0.453774 0.411485 0.368296 0.324301 0.279598 0.234284 0.188460 0.142225 0.095682 0.048934 0.002082 -0.044770 -0.091519 -0.138062 -0.184297 -0.230122 -0.275437 -0.320141 -0.364137 -0.407327 
0.611792 0.648222 0.683234 0.716753 0.748703 0.779015 0.807620 0.834456 0.859464 0.882589 0.903778 0.922985 0.940168 0.955289 0.968315 0.979216 0.987968 0.994553 0.998956 1.001166 1.001180 0.998996 0.994621 0.988063 0.979336 0.968461 0.955461 0.940364 0.923204 0.904018 0.882849 0.859744 0.834752 0.807929 0.779334 0.749030 0.717083 0.683564 0.648546 0.612107 0.574326 0.535286 0.495074 0.453778 0.411488 0.368298 0.324302 0.279597 0.234282 0.188456 0.142220 0.095676 0.048925 0.002071 -0.044783 -0.091534 -0.138080 -0.184317 -0.230145 -0.275463 -0.320170 -0.364169 -0.407362 -0.449655 
0.648250 0.683260 0.716776 0.748723 0.779032 0.807634 0.834468 0.859474 0.882596 0.903783 0.922989 0.940171 0.955291 0.968315 0.979216 0.987968 0.994553 0.998955 1.001166 1.001180 0.998996 0.994621 0.988064 0.979338 0.968463 0.955463 0.940367 0.923207 0.904022 0.882853 0.859748 0.834756 0.807934 0.779339 0.749035 0.717088 0.683569 0.648551 0.612112 0.574330 0.535290 0.495078 0.453781 0.411490 0.368299 0.324302 0.279596 0.234280 0.188453 0.142215 0.095669 0.048917 0.002061 -0.044795 -0.091548 -0.138096 -0.184336 -0.230167 -0.275487 -0.320197 -0.364199 -0.407396 -0.449692 -0.490995 
0.683284 0.716798 0.748743 0.779049 0.807649 0.834481 0.859484 0.882604 0.903789 0.922994 0.940174 0.955293 0.968317 0.979217 0.987968 0.994553 0.998955 1.001166 1.001179 0.998997 0.994622 0.988064 0.979339 0.968464 0.955465 0.940369 0.923210 0.904025 0.882857 0.859752 0.834760 0.807938 0.779343 0.749039 0.717093 0.683573 0.648555 0.612116 0.574334 0.535294 0.495081 0.453783 0.411492 0.368300 0.324302 0.279595 0.234278 0.188449 0.142210 0.095663 0.048909 0.002051 -0.044807 -0.091562 -0.138112 -0.184355 -0.230188 -0.275511 -0.320224 -0.364228 -0.407428 -0.449728 -0.491034 -0.531257 
0.716817 0.748761 0.779065 0.807664 0.834493 0.859495 0.882613 0.903797 0.923000 0.940179 0.955296 0.968319 0.979218 0.987969 0.994553 0.998955 1.001166 1.001179 0.998996 0.994622 0.988064 0.979339 0.968465 0.955466 0.940370 0.923211 0.904027 0.882859 0.859754 0.834763 0.807941 0.779347 0.749043 0.717096 0.683577 0.648559 0.612119 0.574337 0.535296 0.495083 0.453784 0.411493 0.368300 0.324301 0.279594 0.234275 0.188445 0.142205 0.095656 0.048901 0.002042 -0.044818 -0.091576 -0.138128 -0.184372 -0.230208 -0.275533 -0.320249 -0.364256 -0.407459 -0.449761 -0.491071 -0.531297 -0.570350 
0.748777 0.779080 0.807677 0.834505 0.859505 0.882622 0.903804 0.923006 0.940184 0.955300 0.968322 0.979220 0.987971 0.994554 0.998956 1.001166 1.001179 0.998996 0.994622 0.988065 0.979340 0.968466 0.955467 0.940371 0.923213 0.904029 0.882861 0.859756 0.834766 0.807944 0.779349 0.749046 0.717099 0.683580 0.648561 0.612121 0.574339 0.535298 0.495084 0.453786 0.411493 0.368300 0.324300 0.279592 0.234272 0.188442 0.142200 0.095650 0.048893 0.002032 -0.044829 -0.091588 -0.138143 -0.184389 -0.230227 -0.275554 -0.320272 -0.364282 -0.407488 -0.449793 -0.491106 -0.531335 -0.570392 -0.608191 
0.779092 0.807689 0.834516 0.859515 0.882630 0.903811 0.923012 0.940189 0.955304 0.968325 0.979223 0.987972 0.994555 0.998956 1.001166 1.001180 0.998997 0.994622 0.988065 0.979340 0.968466 0.955467 0.940372 0.923214 0.904030 0.882862 0.859758 0.834767 0.807945 0.779351 0.749048 0.717101 0.683582 0.648564 0.612123 0.574341 0.535300 0.495085 0.453786 0.411493 0.368299 0.324299 0.279590 0.234270 0.188438 0.142195 0.095644 0.048885 0.002023 -0.044840 -0.091601 -0.138157 -0.184405 -0.230245 -0.275575 -0.320295 -0.364307 -0.407515 -0.449824 -0.491139 -0.531371 -0.570431 -0.608233 -0.644694 
0.807697 0.834524 0.859522 0.882637 0.903818 0.923017 0.940193 0.955308 0.968328 0.979225 0.987974 0.994556 0.998957 1.001166 1.001180 0.998996 0.994622 0.988064 0.979340 0.968466 0.955467 0.940372 0.923214 0.904030 0.882863 0.859759 0.834769 0.807947 0.779353 0.749049 0.717103 0.683584 0.648565 0.612125 0.574342 0.535301 0.495086 0.453787 0.411493 0.368299 0.324298 0.279588 0.234267 0.188434 0.142190 0.095638 0.048878 0.002015 -0.044850 -0.091612 -0.138170 -0.184420 -0.230262 -0.275594 -0.320316 -0.364331 -0.407541 -0.449852 -0.491171 -0.531406 -0.570469 -0.608274 -0.644738 -0.679781 
0.834529 0.859527 0.882642 0.903822 0.923021 0.940196 0.955311 0.968330 0.979226 0.987975 0.994557 0.998957 1.001167 1.001180 0.998996 0.994621 0.988064 0.979339 0.968466 0.955467 0.940372 0.923214 0.904031 0.882864 0.859760 0.834769 0.807948 0.779354 0.749050 0.717104 0.683585 0.648566 0.612126 0.574343 0.535302 0.495087 0.453787 0.411493 0.368298 0.324297 0.279586 0.234264 0.188430 0.142186 0.095632 0.048871 0.002007 -0.044859 -0.091623 -0.138182 -0.184434 -0.230278 -0.275612 -0.320336 -0.364353 -0.407566 -0.449879 -0.491200 -0.531438 -0.570504 -0.608312 -0.644780 -0.679826 -0.713374 
0.859529 0.882644 0.903824 0.923023 0.940198 0.955312 0.968331 0.979227 0.987976 0.994557 0.998957 1.001166 1.001179 0.998996 0.994621 0.988064 0.979339 0.968465 0.955467 0.940372 0.923214 0.904031 0.882864 0.859760 0.834770 0.807948 0.779355 0.749051 0.717105 0.683586 0.648567 0.612127 0.574344 0.535302 0.495087 0.453787 0.411493 0.368297 0.324295 0.279584 0.234261 0.188427 0.142181 0.095627 0.048865 0.001999 -0.044868 -0.091633 -0.138194 -0.184448 -0.230293 -0.275628 -0.320355 -0.364374 -0.407589 -0.449905 -0.491228 -0.531468 -0.570537 -0.608348 -0.644818 -0.679868 -0.713419 -0.745399 
0.882643 0.903823 0.923022 0.940198 0.955312 0.968331 0.979227 0.987975 0.994557 0.998957 1.001166 1.001178 0.998995 0.994620 0.988063 0.979338 0.968464 0.955466 0.940371 0.923214 0.904030 0.882864 0.859760 0.834770 0.807949 0.779355 0.749052 0.717106 0.683586 0.648568 0.612127 0.574345 0.535303 0.495087 0.453787 0.411492 0.368296 0.324294 0.279582 0.234259 0.188424 0.142177 0.095622 0.048859 0.001992 -0.044876 -0.091643 -0.138205 -0.184460 -0.230307 -0.275644 -0.320373 -0.364394 -0.407611 -0.449928 -0.491254 -0.531497 -0.570568 -0.608382 -0.644855 -0.679907 -0.713462 -0.745445 -0.775785 
0.903819 0.923019 0.940195 0.955309 0.968329 0.979225 0.987973 0.994555 0.998955 1.001164 1.001177 0.998993 0.994618 0.988061 0.979336 0.968463 0.955465 0.940370 0.923213 0.904030 0.882863 0.859760 0.834770 0.807949 0.779355 0.749052 0.717106 0.683587 0.648568 0.612128 0.574345 0.535303 0.495087 0.453787 0.411492 0.368295 0.324293 0.279580 0.234256 0.188421 0.142174 0.095617 0.048854 0.001986 -0.044884 -0.091652 -0.138215 -0.184472 -0.230320 -0.275659 -0.320389 -0.364412 -0.407631 -0.449951 -0.491279 -0.531524 -0.570597 -0.608413 -0.644889 -0.679945 -0.713502 -0.745488 -0.775832 -0.804467 
0.923012 0.940189 0.955304 0.968324 0.979220 0.987969 0.994551 0.998951 1.001161 1.001174 0.998990 0.994616 0.988059 0.979334 0.968461 0.955463 0.940369 0.923211 0.904029 0.882862 0.859759 0.834769 0.807948 0.779355 0.749052 0.717106 0.683587 0.648569 0.612128 0.574345 0.535303 0.495087 0.453786 0.411491 0.368295 0.324292 0.279579 0.234254 0.188418 0.142170 0.095613 0.048849 0.001980 -0.044891 -0.091660 -0.138224 -0.184482 -0.230332 -0.275672 -0.320404 -0.364429 -0.407649 -0.449971 -0.491301 -0.531548 -0.570624 -0.608443 -0.644921 -0.679979 -0.713539 -0.745528 -0.775875 -0.804514 -0.831380 
0.940180 0.955295 0.968316 0.979213 0.987963 0.994545 0.998946 1.001156 1.001169 0.998986 0.994612 0.988055 0.979331 0.968458 0.955461 0.940367 0.923210 0.904027 0.882861 0.859758 0.834769 0.807948 0.779355 0.749052 0.717106 0.683587 0.648569 0.612128 0.574345 0.535303 0.495087 0.453786 0.411491 0.368294 0.324291 0.279577 0.234252 0.188415 0.142167 0.095609 0.048844 0.001974 -0.044897 -0.091667 -0.138233 -0.184492 -0.230343 -0.275685 -0.320418 -0.364444 -0.407667 -0.449990 -0.491322 -0.531571 -0.570649 -0.608470 -0.644951 -0.680012 -0.713574 -0.745566 -0.775916 -0.804557 -0.831427 -0.856467 
0.955283 0.968305 0.979204 0.987954 0.994537 0.998939 1.001149 1.001163 0.998981 0.994607 0.988051 0.979327 0.968455 0.955457 0.940364 0.923207 0.904025 0.882859 0.859756 0.834767 0.807947 0.779354 0.749051 0.717106 0.683587 0.648569 0.612128 0.574345 0.535303 0.495087 0.453786 0.411491 0.368293 0.324290 0.279576 0.234251 0.188413 0.142165 0.095606 0.048840 0.001969 -0.044903 -0.091674 -0.138240 -0.184501 -0.230353 -0.275696 -0.320431 -0.364458 -0.407682 -0.450008 -0.491342 -0.531593 -0.570673 -0.608496 -0.644979 -0.680042 -0.713607 -0.745601 -0.775954 -0.804598 -0.831471 -0.856513 -0.879670 
0.968291 0.979191 0.987942 0.994527 0.998929 1.001140 1.001155 0.998974 0.994600 0.988045 0.979322 0.968450 0.955453 0.940360 0.923204 0.904022 0.882857 0.859754 0.834766 0.807945 0.779353 0.749050 0.717105 0.683586 0.648568 0.612128 0.574345 0.535303 0.495087 0.453786 0.411490 0.368293 0.324289 0.279575 0.234249 0.188412 0.142162 0.095603 0.048837 0.001965 -0.044908 -0.091680 -0.138247 -0.184509 -0.230362 -0.275706 -0.320442 -0.364471 -0.407697 -0.450024 -0.491359 -0.531612 -0.570694 -0.608519 -0.645004 -0.680069 -0.713637 -0.745633 -0.775989 -0.804636 -0.831511 -0.856557 -0.879717 -0.900941 
0.979174 0.987927 0.994513 0.998917 1.001129 1.001145 0.998964 0.994592 0.988037 0.979315 0.968444 0.955448 0.940355 0.923200 0.904018 0.882853 0.859752 0.834763 0.807944 0.779351 0.749049 0.717104 0.683586 0.648568 0.612128 0.574345 0.535303 0.495087 0.453786 0.411490 0.368293 0.324289 0.279575 0.234249 0.188410 0.142161 0.095601 0.048834 0.001962 -0.044912 -0.091685 -0.138253 -0.184515 -0.230370 -0.275715 -0.320452 -0.364483 -0.407710 -0.450038 -0.491375 -0.531630 -0.570714 -0.608541 -0.645028 -0.680095 -0.713665 -0.745664 -0.776021 -0.804671 -0.831549 -0.856597 -0.879760 -0.900987 -0.920231 
0.987908 0.994495 0.998901 1.001115 1.001132 0.998953 0.994581 0.988028 0.979306 0.968436 0.955441 0.940349 0.923194 0.904014 0.882849 0.859748 0.834760 0.807941 0.779349 0.749048 0.717103 0.683585 0.648567 0.612127 0.574345 0.535303 0.495087 0.453786 0.411490 0.368293 0.324289 0.279574 0.234248 0.188409 0.142159 0.095599 0.048832 0.001959 -0.044915 -0.091689 -0.138258 -0.184521 -0.230377 -0.275723 -0.320462 -0.364493 -0.407721 -0.450051 -0.491390 -0.531646 -0.570731 -0.608560 -0.645049 -0.680118 -0.713690 -0.745691 -0.776051 -0.804703 -0.831584 -0.856634 -0.879800 -0.901030 -0.920277 -0.937498 
0.994475 0.998882 1.001097 1.001116 0.998938 0.994568 0.988016 0.979296 0.968427 0.955432 0.940342 0.923187 0.904008 0.882844 0.859744 0.834756 0.807938 0.779347 0.749046 0.717101 0.683584 0.648566 0.612127 0.574345 0.535303 0.495087 0.453786 0.411491 0.368293 0.324289 0.279574 0.234248 0.188409 0.142159 0.095598 0.048830 0.001957 -0.044918 -0.091692 -0.138262 -0.184526 -0.230382 -0.275730 -0.320469 -0.364502 -0.407732 -0.450063 -0.491403 -0.531660 -0.570747 -0.608578 -0.645069 -0.680139 -0.713713 -0.745716 -0.776078 -0.804732 -0.831616 -0.856669 -0.879837 -0.901069 -0.920319 -0.937544 -0.952705 
0.998859 1.001076 1.001097 0.998921 0.994552 0.988002 0.979283 0.968415 0.955422 0.940332 0.923179 0.904000 0.882838 0.859738 0.834752 0.807934 0.779343 0.749043 0.717099 0.683582 0.648565 0.612126 0.574344 0.535303 0.495087 0.453786 0.411491 0.368293 0.324289 0.279575 0.234248 0.188409 0.142158 0.095598 0.048829 0.001956 -0.044920 -0.091695 -0.138265 -0.184530 -0.230387 -0.275736 -0.320476 -0.364510 -0.407741 -0.450073 -0.491414 -0.531673 -0.570762 -0.608594 -0.645086 -0.680159 -0.713734 -0.745739 -0.776103 -0.804759 -0.831645 -0.856700 -0.879871 -0.901106 -0.920358 -0.937585 -0.952750 -0.965818 
1.001052 1.001074 0.998900 0.994534 0.987985 0.979267 0.968401 0.955409 0.940321 0.923169 0.903992 0.882830 0.859731 0.834746 0.807929 0.779339 0.749039 0.717096 0.683580 0.648564 0.612125 0.574343 0.535302 0.495087 0.453787 0.411491 0.368294 0.324290 0.279575 0.234249 0.188409 0.142159 0.095598 0.048829 0.001955 -0.044921 -0.091696 -0.138268 -0.184533 -0.230391 -0.275740 -0.320481 -0.364516 -0.407748 -0.450082 -0.491424 -0.531684 -0.570774 -0.608608 -0.645102 -0.680176 -0.713753 -0.745760 -0.776126 -0.804784 -0.831671 -0.856729 -0.879902 -0.901139 -0.920394 -0.937624 -0.952791 -0.965862 -0.976809 
1.001048 0.998876 0.994512 0.987965 0.979249 0.968385 0.955395 0.940308 0.923157 0.903981 0.882821 0.859723 0.834739 0.807923 0.779334 0.749035 0.717093 0.683577 0.648561 0.612123 0.574342 0.535302 0.495087 0.453787 0.411492 0.368295 0.324291 0.279576 0.234249 0.188410 0.142159 0.095598 0.048829 0.001955 -0.044922 -0.091697 -0.138269 -0.184535 -0.230394 -0.275744 -0.320486 -0.364521 -0.407754 -0.450089 -0.491432 -0.531694 -0.570785 -0.608620 -0.645115 -0.680191 -0.713770 -0.745778 -0.776146 -0.804806 -0.831696 -0.856755 -0.879930 -0.901170 -0.920427 -0.937659 -0.952829 -0.965903 -0.976852 -0.985652 
0.998848 0.994486 0.987941 0.979228 0.968365 0.955377 0.940292 0.923143 0.903969 0.882810 0.859713 0.834730 0.807916 0.779328 0.749030 0.717088 0.683573 0.648559 0.612121 0.574341 0.535301 0.495087 0.453787 0.411492 0.368295 0.324292 0.279577 0.234251 0.188412 0.142161 0.095599 0.048830 0.001956 -0.044921 -0.091697 -0.138270 -0.184536 -0.230395 -0.275746 -0.320489 -0.364525 -0.407759 -0.450094 -0.491439 -0.531702 -0.570794 -0.608630 -0.645127 -0.680204 -0.713785 -0.745795 -0.776164 -0.804826 -0.831717 -0.856779 -0.879956 -0.901197 -0.920456 -0.937691 -0.952863 -0.965939 -0.976891 -0.985694 -0.992329 
0.994457 0.987915 0.979204 0.968343 0.955357 0.940274 0.923127 0.903954 0.882797 0.859702 0.834720 0.807907 0.779320 0.749024 0.717083 0.683569 0.648555 0.612119 0.574339 0.535300 0.495086 0.453787 0.411493 0.368296 0.324293 0.279579 0.234252 0.188413 0.142162 0.095601 0.048832 0.001957 -0.044920 -0.091696 -0.138269 -0.184536 -0.230396 -0.275747 -0.320490 -0.364528 -0.407762 -0.450099 -0.491444 -0.531708 -0.570801 -0.608639 -0.645137 -0.680215 -0.713797 -0.745809 -0.776180 -0.804843 -0.831736 -0.856800 -0.879979 -0.901222 -0.920483 -0.937720 -0.952894 -0.965973 -0.976927 -0.985732 -0.992370 -0.996825 
0.987884 0.979176 0.968318 0.955334 0.940253 0.923108 0.903937 0.882782 0.859689 0.834709 0.807897 0.779312 0.749016 0.717077 0.683564 0.648551 0.612116 0.574337 0.535298 0.495085 0.453787 0.411493 0.368297 0.324294 0.279580 0.234254 0.188415 0.142165 0.095603 0.048834 0.001959 -0.044918 -0.091695 -0.138268 -0.184535 -0.230395 -0.275747 -0.320491 -0.364529 -0.407764 -0.450102 -0.491448 -0.531713 -0.570807 -0.608646 -0.645145 -0.680225 -0.713808 -0.745821 -0.776193 -0.804858 -0.831753 -0.856818 -0.879999 -0.901244 -0.920507 -0.937746 -0.952922 -0.966003 -0.976959 -0.985767 -0.992407 -0.996865 -0.999130 
0.979144 0.968289 0.955308 0.940230 0.923087 0.903918 0.882765 0.859673 0.834695 0.807885 0.779301 0.749007 0.717069 0.683558 0.648546 0.612112 0.574334 0.535296 0.495084 0.453786 0.411493 0.368298 0.324295 0.279582 0.234256 0.188418 0.142167 0.095606 0.048837 0.001962 -0.044915 -0.091692 -0.138265 -0.184533 -0.230394 -0.275746 -0.320490 -0.364529 -0.407765 -0.450103 -0.491450 -0.531716 -0.570811 -0.608651 -0.645151 -0.680232 -0.713817 -0.745831 -0.776205 -0.804871 -0.831767 -0.856834 -0.880017 -0.901264 -0.920529 -0.937769 -0.952948 -0.966030 -0.976989 -0.985799 -0.992441 -0.996901 -0.999169 -0.999239 
0.968257 0.955278 0.940203 0.923063 0.903896 0.882745 0.859656 0.834680 0.807871 0.779289 0.748997 0.717061 0.683550 0.648540 0.612107 0.574330 0.535294 0.495083 0.453786 0.411493 0.368299 0.324297 0.279584 0.234259 0.188421 0.142170 0.095609 0.048840 0.001965 -0.044912 -0.091689 -0.138262 -0.184530 -0.230391 -0.275744 -0.320489 -0.364528 -0.407764 -0.450103 -0.491451 -0.531717 -0.570814 -0.608654 -0.645155 -0.680238 -0.713823 -0.745839 -0.776214 -0.804882 -0.831779 -0.856848 -0.880032 -0.901280 -0.920547 -0.937790 -0.952970 -0.966054 -0.977015 -0.985827 -0.992471 -0.996933 -0.999203 -0.999276 -0.997152 
0.955245 0.940172 0.923035 0.903871 0.882722 0.859636 0.834662 0.807855 0.779275 0.748985 0.717050 0.683542 0.648533 0.612101 0.574326 0.535290 0.495081 0.453784 0.411493 0.368299 0.324298 0.279586 0.234261 0.188424 0.142174 0.095613 0.048844 0.001969 -0.044908 -0.091685 -0.138258 -0.184526 -0.230387 -0.275740 -0.320486 -0.364525 -0.407762 -0.450102 -0.491450 -0.531717 -0.570815 -0.608656 -0.645158 -0.680241 -0.713828 -0.745845 -0.776221 -0.804890 -0.831789 -0.856859 -0.880045 -0.901295 -0.920563 -0.937807 -0.952989 -0.966076 -0.977038 -0.985852 -0.992498 -0.996963 -0.999235 -0.999310 -0.997188 -0.992873 
0.940138 0.923004 0.903843 0.882697 0.859613 0.834641 0.807837 0.779260 0.748971 0.717039 0.683532 0.648525 0.612094 0.574321 0.535286 0.495078 0.453783 0.411493 0.368300 0.324299 0.279588 0.234264 0.188427 0.142177 0.095617 0.048849 0.001974 -0.044903 -0.091680 -0.138253 -0.184521 -0.230382 -0.275736 -0.320481 -0.364521 -0.407759 -0.450099 -0.491448 -0.531716 -0.570814 -0.608656 -0.645159 -0.680243 -0.713831 -0.745849 -0.776226 -0.804897 -0.831797 -0.856868 -0.880055 -0.901307 -0.920577 -0.937822 -0.953006 -0.966094 -0.977058 -0.985874 -0.992522 -0.996988 -0.999263 -0.999340 -0.997220 -0.992908 -0.986413 
0.922970 0.903812 0.882669 0.859588 0.834619 0.807817 0.779242 0.748956 0.717025 0.683520 0.648515 0.612086 0.574314 0.535282 0.495074 0.453781 0.411492 0.368300 0.324300 0.279590 0.234267 0.188430 0.142181 0.095622 0.048854 0.001980 -0.044897 -0.091674 -0.138247 -0.184515 -0.230377 -0.275730 -0.320476 -0.364516 -0.407754 -0.450094 -0.491444 -0.531713 -0.570811 -0.608654 -0.645158 -0.680243 -0.713832 -0.745851 -0.776229 -0.804901 -0.831802 -0.856875 -0.880063 -0.901316 -0.920587 -0.937835 -0.953020 -0.966110 -0.977075 -0.985893 -0.992543 -0.997011 -0.999287 -0.999366 -0.997249 -0.992938 -0.986445 -0.977784 
0.903777 0.882638 0.859559 0.834593 0.807794 0.779222 0.748938 0.717010 0.683507 0.648504 0.612077 0.574307 0.535276 0.495070 0.453778 0.411490 0.368300 0.324301 0.279592 0.234270 0.188434 0.142186 0.095627 0.048859 0.001986 -0.044891 -0.091667 -0.138240 -0.184509 -0.230370 -0.275723 -0.320469 -0.364510 -0.407748 -0.450089 -0.491439 -0.531708 -0.570807 -0.608651 -0.645155 -0.680241 -0.713831 -0.745851 -0.776230 -0.804903 -0.831806 -0.856879 -0.880069 -0.901323 -0.920596 -0.937844 -0.953031 -0.966123 -0.977090 -0.985909 -0.992561 -0.997031 -0.999309 -0.999390 -0.997274 -0.992965 -0.986474 -0.977815 -0.967006 
0.882603 0.859528 0.834565 0.807769 0.779199 0.748918 0.716992 0.683492 0.648491 0.612066 0.574298 0.535269 0.495065 0.453774 0.411488 0.368299 0.324302 0.279594 0.234272 0.188438 0.142190 0.095632 0.048865 0.001992 -0.044884 -0.091660 -0.138233 -0.184501 -0.230362 -0.275715 -0.320462 -0.364502 -0.407741 -0.450082 -0.491432 -0.531702 -0.570801 -0.608646 -0.645151 -0.680238 -0.713828 -0.745849 -0.776229 -0.804903 -0.831807 -0.856881 -0.880072 -0.901328 -0.920602 -0.937852 -0.953040 -0.966133 -0.977102 -0.985923 -0.992576 -0.997047 -0.999327 -0.999410 -0.997296 -0.992989 -0.986500 -0.977842 -0.967035 -0.954103 
0.859493 0.834534 0.807741 0.779174 0.748896 0.716973 0.683475 0.648477 0.612054 0.574288 0.535261 0.495059 0.453770 0.411485 0.368298 0.324302 0.279595 0.234275 0.188442 0.142195 0.095638 0.048871 0.001999 -0.044876 -0.091652 -0.138224 -0.184492 -0.230353 -0.275706 -0.320452 -0.364493 -0.407732 -0.450073 -0.491424 -0.531694 -0.570794 -0.608639 -0.645145 -0.680232 -0.713823 -0.745845 -0.776226 -0.804901 -0.831806 -0.856881 -0.880073 -0.901330 -0.920605 -0.937857 -0.953046 -0.966140 -0.977111 -0.985933 -0.992588 -0.997061 -0.999342 -0.999427 -0.997314 -0.993010 -0.986522 -0.977866 -0.967061 -0.954131 -0.939103 
0.834499 0.807710 0.779146 0.748871 0.716951 0.683456 0.648460 0.612040 0.574277 0.535252 0.495052 0.453765 0.411482 0.368296 0.324302 0.279596 0.234278 0.188445 0.142200 0.095644 0.048878 0.002007 -0.044868 -0.091643 -0.138215 -0.184482 -0.230343 -0.275696 -0.320442 -0.364483 -0.407721 -0.450063 -0.491414 -0.531684 -0.570785 -0.608630 -0.645137 -0.680225 -0.713817 -0.745839 -0.776221 -0.804897 -0.831802 -0.856879 -0.880072 -0.901330 -0.920607 -0.937859 -0.953050 -0.966146 -0.977117 -0.985941 -0.992597 -0.997072 -0.999355 -0.999441 -0.997330 -0.993027 -0.986541 -0.977887 -0.967084 -0.954155 -0.939129 -0.922039 
0.807676 0.779116 0.748844 0.716927 0.683435 0.648442 0.612025 0.574264 0.535241 0.495043 0.453759 0.411478 0.368294 0.324301 0.279597 0.234280 0.188449 0.142205 0.095650 0.048885 0.002015 -0.044859 -0.091633 -0.138205 -0.184472 -0.230332 -0.275685 -0.320431 -0.364471 -0.407710 -0.450051 -0.491403 -0.531673 -0.570774 -0.608620 -0.645127 -0.680215 -0.713808 -0.745831 -0.776214 -0.804890 -0.831797 -0.856875 -0.880069 -0.901328 -0.920605 -0.937859 -0.953051 -0.966148 -0.977121 -0.985946 -0.992604 -0.997080 -0.999364 -0.999452 -0.997343 -0.993041 -0.986557 -0.977905 -0.967103 -0.954176 -0.939152 -0.922063 -0.902949 
0.779082 0.748814 0.716900 0.683412 0.648422 0.612008 0.574249 0.535229 0.495034 0.453751 0.411473 0.368291 0.324300 0.279598 0.234282 0.188453 0.142210 0.095656 0.048893 0.002023 -0.044850 -0.091623 -0.138194 -0.184460 -0.230320 -0.275672 -0.320418 -0.364458 -0.407697 -0.450038 -0.491390 -0.531660 -0.570762 -0.608608 -0.645115 -0.680204 -0.713797 -0.745821 -0.776205 -0.804882 -0.831789 -0.856868 -0.880063 -0.901323 -0.920602 -0.937857 -0.953050 -0.966148 -0.977122 -0.985949 -0.992608 -0.997085 -0.999371 -0.999460 -0.997352 -0.993053 -0.986570 -0.977919 -0.967119 -0.954193 -0.939171 -0.922084 -0.902971 -0.881874 
0.748781 0.716871 0.683386 0.648399 0.611988 0.574233 0.535215 0.495023 0.453743 0.411467 0.368287 0.324298 0.279598 0.234284 0.188456 0.142215 0.095663 0.048901 0.002032 -0.044840 -0.091612 -0.138182 -0.184448 -0.230307 -0.275659 -0.320404 -0.364444 -0.407682 -0.450024 -0.491375 -0.531646 -0.570747 -0.608594 -0.645102 -0.680191 -0.713785 -0.745809 -0.776193 -0.804871 -0.831779 -0.856859 -0.880055 -0.901316 -0.920596 -0.937852 -0.953046 -0.966146 -0.977121 -0.985949 -0.992609 -0.997088 -0.999375 -0.999466 -0.997359 -0.993061 -0.986580 -0.977931 -0.967132 -0.954208 -0.939187 -0.922102 -0.902990 -0.881895 -0.858861 
0.716839 0.683358 0.648375 0.611967 0.574214 0.535200 0.495010 0.453733 0.411459 0.368282 0.324296 0.279598 0.234286 0.188460 0.142220 0.095669 0.048909 0.002042 -0.044829 -0.091601 -0.138170 -0.184434 -0.230293 -0.275644 -0.320389 -0.364429 -0.407667 -0.450008 -0.491359 -0.531630 -0.570731 -0.608578 -0.645086 -0.680176 -0.713770 -0.745795 -0.776180 -0.804858 -0.831767 -0.856848 -0.880045 -0.901307 -0.920587 -0.937844 -0.953040 -0.966140 -0.977117 -0.985946 -0.992608 -0.997088 -0.999377 -0.999468 -0.997364 -0.993067 -0.986587 -0.977939 -0.967142 -0.954219 -0.939200 -0.922116 -0.903006 -0.881912 -0.858880 -0.833961 
0.683327 0.648348 0.611943 0.574194 0.535183 0.494997 0.453722 0.411451 0.368276 0.324292 0.279597 0.234287 0.188463 0.142225 0.095676 0.048917 0.002051 -0.044818 -0.091588 -0.138157 -0.184420 -0.230278 -0.275628 -0.320373 -0.364412 -0.407649 -0.449990 -0.491342 -0.531612 -0.570714 -0.608560 -0.645069 -0.680159 -0.713753 -0.745778 -0.776164 -0.804843 -0.831753 -0.856834 -0.880032 -0.901295 -0.920577 -0.937835 -0.953031 -0.966133 -0.977111 -0.985941 -0.992604 -0.997085 -0.999375 -0.999468 -0.997365 -0.993069 -0.986591 -0.977945 -0.967149 -0.954228 -0.939210 -0.922128 -0.903019 -0.881926 -0.858896 -0.833978 -0.807228 
0.648318 0.611918 0.574172 0.535165 0.494981 0.453710 0.411442 0.368269 0.324288 0.279595 0.234287 0.188466 0.142230 0.095682 0.048925 0.002061 -0.044807 -0.091576 -0.138143 -0.184405 -0.230262 -0.275612 -0.320355 -0.364394 -0.407631 -0.449971 -0.491322 -0.531593 -0.570694 -0.608541 -0.645049 -0.680139 -0.713734 -0.745760 -0.776146 -0.804826 -0.831736 -0.856818 -0.880017 -0.901280 -0.920563 -0.937822 -0.953020 -0.966123 -0.977102 -0.985933 -0.992597 -0.997080 -0.999371 -0.999466 -0.997364 -0.993069 -0.986593 -0.977948 -0.967153 -0.954234 -0.939217 -0.922136 -0.903029 -0.881938 -0.858909 -0.833992 -0.807243 -0.778721 
0.611890 0.574148 0.535144 0.494964 0.453696 0.411431 0.368262 0.324283 0.279592 0.234287 0.188468 0.142235 0.095689 0.048934 0.002071 -0.044795 -0.091562 -0.138128 -0.184389 -0.230245 -0.275594 -0.320336 -0.364374 -0.407611 -0.449951 -0.491301 -0.531571 -0.570673 -0.608519 -0.645028 -0.680118 -0.713713 -0.745739 -0.776126 -0.804806 -0.831717 -0.856800 -0.879999 -0.901264 -0.920547 -0.937807 -0.953006 -0.966110 -0.977090 -0.985923 -0.992588 -0.997072 -0.999364 -0.999460 -0.997359 -0.993067 -0.986591 -0.977948 -0.967155 -0.954236 -0.939221 -0.922142 -0.903036 -0.881946 -0.858918 -0.834003 -0.807256 -0.778735 -0.748503 
0.574122 0.535122 0.494945 0.453681 0.411419 0.368253 0.324277 0.279589 0.234287 0.188470 0.142239 0.095696 0.048942 0.002082 -0.044783 -0.091548 -0.138112 -0.184372 -0.230227 -0.275575 -0.320316 -0.364353 -0.407589 -0.449928 -0.491279 -0.531548 -0.570649 -0.608496 -0.645004 -0.680095 -0.713690 -0.745716 -0.776103 -0.804784 -0.831696 -0.856779 -0.879979 -0.901244 -0.920529 -0.937790 -0.952989 -0.966094 -0.977075 -0.985909 -0.992576 -0.997061 -0.999355 -0.999452 -0.997352 -0.993061 -0.986587 -0.977945 -0.967153 -0.954236 -0.939223 -0.922145 -0.903040 -0.881952 -0.858925 -0.834012 -0.807265 -0.778746 -0.748515 -0.716640 
0.535097 0.494924 0.453664 0.411405 0.368243 0.324270 0.279585 0.234286 0.188471 0.142243 0.095702 0.048951 0.002093 -0.044770 -0.091534 -0.138096 -0.184355 -0.230208 -0.275554 -0.320295 -0.364331 -0.407566 -0.449905 -0.491254 -0.531524 -0.570624 -0.608470 -0.644979 -0.680069 -0.713665 -0.745691 -0.776078 -0.804759 -0.831671 -0.856755 -0.879956 -0.901222 -0.920507 -0.937769 -0.952970 -0.966076 -0.977058 -0.985893 -0.992561 -0.997047 -0.999342 -0.999441 -0.997343 -0.993053 -0.986580 -0.977939 -0.967149 -0.954234 -0.939221 -0.922145 -0.903042 -0.881955 -0.858929 -0.834017 -0.807272 -0.778754 -0.748524 -0.716651 -0.683203 
0.494902 0.453645 0.411390 0.368231 0.324262 0.279580 0.234284 0.188473 0.142247 0.095708 0.048960 0.002104 -0.044757 -0.091519 -0.138080 -0.184336 -0.230188 -0.275533 -0.320272 -0.364307 -0.407541 -0.449879 -0.491228 -0.531497 -0.570597 -0.608443 -0.644951 -0.680042 -0.713637 -0.745664 -0.776051 -0.804732 -0.831645 -0.856729 -0.879930 -0.901197 -0.920483 -0.937746 -0.952948 -0.966054 -0.977038 -0.985874 -0.992543 -0.997031 -0.999327 -0.999427 -0.997330 -0.993041 -0.986570 -0.977931 -0.967142 -0.954228 -0.939217 -0.922142 -0.903040 -0.881955 -0.858931 -0.834020 -0.807276 -0.778759 -0.748531 -0.716658 -0.683211 -0.648264 
0.453625 0.411374 0.368218 0.324253 0.279575 0.234281 0.188473 0.142250 0.095715 0.048968 0.002115 -0.044744 -0.091503 -0.138062 -0.184317 -0.230167 -0.275511 -0.320249 -0.364282 -0.407515 -0.449852 -0.491200 -0.531468 -0.570568 -0.608413 -0.644921 -0.680012 -0.713607 -0.745633 -0.776021 -0.804703 -0.831616 -0.856700 -0.879902 -0.901170 -0.920456 -0.937720 -0.952922 -0.966030 -0.977015 -0.985852 -0.992522 -0.997011 -0.999309 -0.999410 -0.997314 -0.993027 -0.986557 -0.977919 -0.967132 -0.954219 -0.939210 -0.922136 -0.903036 -0.881952 -0.858929 -0.834020 -0.807277 -0.778761 -0.748535 -0.716663 -0.683218 -0.648271 -0.611901 
0.411356 0.368204 0.324243 0.279568 0.234278 0.188473 0.142253 0.095720 0.048977 0.002126 -0.044730 -0.091488 -0.138044 -0.184297 -0.230145 -0.275487 -0.320224 -0.364256 -0.407488 -0.449824 -0.491171 -0.531438 -0.570537 -0.608382 -0.644889 -0.679979 -0.713574 -0.745601 -0.775989 -0.804671 -0.831584 -0.856669 -0.879871 -0.901139 -0.920427 -0.937691 -0.952894 -0.966003 -0.976989 -0.985827 -0.992498 -0.996988 -0.999287 -0.999390 -0.997296 -0.993010 -0.986541 -0.977905 -0.967119 -0.954208 -0.939200 -0.922128 -0.903029 -0.881946 -0.858925 -0.834017 -0.807276 -0.778761 -0.748536 -0.716666 -0.683221 -0.648276 -0.611907 -0.574194 
0.368189 0.324231 0.279560 0.234274 0.188472 0.142256 0.095726 0.048986 0.002137 -0.044716 -0.091471 -0.138025 -0.184276 -0.230122 -0.275463 -0.320197 -0.364228 -0.407459 -0.449793 -0.491139 -0.531406 -0.570504 -0.608348 -0.644855 -0.679945 -0.713539 -0.745566 -0.775954 -0.804636 -0.831549 -0.856634 -0.879837 -0.901106 -0.920394 -0.937659 -0.952863 -0.965973 -0.976959 -0.985799 -0.992471 -0.996963 -0.999263 -0.999366 -0.997274 -0.992989 -0.986522 -0.977887 -0.967103 -0.954193 -0.939187 -0.922116 -0.903019 -0.881938 -0.858918 -0.834012 -0.807272 -0.778759 -0.748535 -0.716666 -0.683223 -0.648278 -0.611910 -0.574198 -0.535226 
0.324219 0.279552 0.234269 0.188471 0.142258 0.095731 0.048994 0.002149 -0.044702 -0.091454 -0.138006 -0.184255 -0.230099 -0.275437 -0.320170 -0.364199 -0.407428 -0.449761 -0.491106 -0.531371 -0.570469 -0.608312 -0.644818 -0.679907 -0.713502 -0.745528 -0.775916 -0.804598 -0.831511 -0.856597 -0.879800 -0.901069 -0.920358 -0.937624 -0.952829 -0.965939 -0.976927 -0.985767 -0.992441 -0.996933 -0.999235 -0.999340 -0.997249 -0.992965 -0.986500 -0.977866 -0.967084 -0.954176 -0.939171 -0.922102 -0.903006 -0.881926 -0.858909 -0.834003 -0.807265 -0.778754 -0.748531 -0.716663 -0.683221 -0.648278 -0.611912 -0.574201 -0.535229 -0.495081 
0.279542 0.234263 0.188469 0.142259 0.095736 0.049002 0.002160 -0.044687 -0.091437 -0.137986 -0.184233 -0.230074 -0.275410 -0.320141 -0.364169 -0.407396 -0.449728 -0.491071 -0.531335 -0.570431 -0.608274 -0.644780 -0.679868 -0.713462 -0.745488 -0.775875 -0.804557 -0.831471 -0.856557 -0.879760 -0.901030 -0.920319 -0.937585 -0.952791 -0.965903 -0.976891 -0.985732 -0.992407 -0.996901 -0.999203 -0.999310 -0.997220 -0.992938 -0.986474 -0.977842 -0.967061 -0.954155 -0.939152 -0.922084 -0.902990 -0.881912 -0.858896 -0.833992 -0.807256 -0.778746 -0.748524 -0.716658 -0.683218 -0.648276 -0.611910 -0.574201 -0.535230 -0.495083 -0.453850 
0.234257 0.188466 0.142260 0.095741 0.049011 0.002172 -0.044673 -0.091420 -0.137966 -0.184210 -0.230049 -0.275383 -0.320111 -0.364137 -0.407362 -0.449692 -0.491034 -0.531297 -0.570392 -0.608233 -0.644738 -0.679826 -0.713419 -0.745445 -0.775832 -0.804514 -0.831427 -0.856513 -0.879717 -0.900987 -0.920277 -0.937544 -0.952750 -0.965862 -0.976852 -0.985694 -0.992370 -0.996865 -0.999169 -0.999276 -0.997188 -0.992908 -0.986445 -0.977815 -0.967035 -0.954131 -0.939129 -0.922063 -0.902971 -0.881895 -0.858880 -0.833978 -0.807243 -0.778735 -0.748515 -0.716651 -0.683211 -0.648271 -0.611907 -0.574198 -0.535229 -0.495083 -0.453851 -0.411622 
0.188463 0.142261 0.095745 0.049018 0.002183 -0.044658 -0.091402 -0.137945 -0.184186 -0.230022 -0.275354 -0.320080 -0.364103 -0.407327 -0.449655 -0.490995 -0.531257 -0.570350 -0.608191 -0.644694 -0.679781 -0.713374 -0.745399 -0.775785 -0.804467 -0.831380 -0.856467 -0.879670 -0.900941 -0.920231 -0.937498 -0.952705 -0.965818 -0.976809 -0.985652 -0.992329 -0.996825 -0.999130 -0.999239 -0.997152 -0.992873 -0.986413 -0.977784 -0.967006 -0.954103 -0.939103 -0.922039 -0.902949 -0.881874 -0.858861 -0.833961 -0.807228 -0.778721 -0.748503 -0.716640 -0.683203 -0.648264 -0.611901 -0.574194 -0.535226 -0.495081 -0.453850 -0.411622 -0.368490 
