1.000000 1.000244 1.001955 1.006614 1.015748 1.030988 1.054150 1.087346 1.133148 1.194800 1.276524 1.383963 1.524818 1.709801 1.954085 2.279542 
1.003372 1.004022 1.005973 1.010821 1.020139 1.035580 1.058973 1.092446 1.138581 1.200632 1.282839 1.390857 1.532400 1.718184 1.963356 2.289681 
1.015181 1.015877 1.017968 1.022999 1.032550 1.048295 1.072088 1.106079 1.152882 1.215789 1.299080 1.408466 1.551731 1.739680 1.987577 2.317357 
1.035280 1.036013 1.038213 1.043432 1.053267 1.069422 1.093784 1.128547 1.176371 1.240610 1.325620 1.437215 1.583311 1.774901 2.027516 2.363494 
1.064096 1.064864 1.067168 1.072592 1.082772 1.099451 1.124566 1.160370 1.209593 1.275677 1.363094 1.477805 1.627935 1.824763 2.084235 2.429300 
1.102292 1.103097 1.105511 1.111171 1.121764 1.139095 1.165165 1.202306 1.253342 1.321835 1.412410 1.531235 1.686715 1.890523 2.159168 2.516420 
1.150789 1.151634 1.154172 1.160105 1.171195 1.189321 1.216572 1.255378 1.308689 1.380216 1.474786 1.598832 1.761122 1.973835 2.254200 2.627032 
1.210800 1.211692 1.214369 1.220622 1.232303 1.251388 1.280075 1.320920 1.377023 1.452291 1.551797 1.682309 1.853047 2.076820 2.371754 2.763953 
1.283880 1.284825 1.287662 1.294289 1.306672 1.326904 1.357319 1.400625 1.460113 1.539924 1.645439 1.783833 1.964881 2.202164 2.514898 2.930758 
1.371993 1.373000 1.376020 1.383085 1.396295 1.417892 1.450369 1.496626 1.560179 1.645457 1.758213 1.906118 2.099619 2.353229 2.687481 3.131944 
1.477605 1.478682 1.481912 1.489486 1.503670 1.526882 1.561811 1.611584 1.679992 1.771809 1.893239 2.052547 2.260991 2.534207 2.894304 3.373123 
1.603791 1.604947 1.608417 1.616582 1.631910 1.657029 1.694866 1.748817 1.823004 1.922618 2.054397 2.227325 2.453634 2.750303 3.141336 3.661282 
1.754392 1.755638 1.759377 1.768226 1.784893 1.812265 1.853545 1.912458 1.993516 2.102406 2.246512 2.435677 2.683302 3.007981 3.435987 4.005111 
1.934208 1.935553 1.939587 1.949222 1.967459 1.997491 2.042855 2.107660 2.196888 2.316815 2.475599 2.684110 2.957153 3.315270 3.787463 4.415415 
2.149255 2.150701 2.155041 2.165569 2.185648 2.218830 2.269048 2.340866 2.439824 2.572899 2.749171 2.980744 3.284110 3.682157 4.207201 4.905635 
2.407109 2.408643 2.413245 2.424777 2.447024 2.483956 2.539966 2.620160 2.730735 2.879510 3.076659 3.335762 3.675335 4.121101 4.709408 5.492458 
