1.000000 1.000031 1.000244 1.000824 1.001955 1.003822 1.006614 1.010523 1.015748 1.022497 1.030988 1.041455 1.054150 1.069346 1.087346 1.108488 1.133148 1.161756 1.194800 1.232840 1.276524 1.326605 1.383963 1.449629 1.524818 1.610971 1.709801 1.823354 1.954085 2.104953 2.279542 2.482210 
1.000884 1.000964 1.001204 1.001803 1.002948 1.004828 1.007633 1.011555 1.016794 1.023559 1.032067 1.042554 1.055270 1.070490 1.088518 1.109690 1.134385 1.163031 1.196117 1.234205 1.277943 1.328085 1.385510 1.451250 1.526523 1.612769 1.711701 1.825367 1.956222 2.107224 2.281952 2.484755 
1.003794 1.003879 1.004133 1.004746 1.005906 1.007801 1.010624 1.014566 1.019830 1.026623 1.035165 1.045690 1.058452 1.073726 1.091815 1.113059 1.137835 1.166575 1.199768 1.237977 1.281853 1.332151 1.389753 1.455694 1.531194 1.617697 1.716921 1.830917 1.962146 2.113570 2.288777 2.492122 
1.008698 1.008785 1.009047 1.009672 1.010846 1.012760 1.015604 1.019574 1.024872 1.031706 1.040298 1.050883 1.063715 1.079072 1.097258 1.118613 1.143519 1.172408 1.205772 1.244176 1.288274 1.338826 1.396716 1.462985 1.538858 1.625786 1.725494 1.840041 1.971899 2.124044 2.300076 2.504373 
1.015616 1.015706 1.015974 1.016609 1.017799 1.019733 1.022604 1.026609 1.031950 1.038838 1.047496 1.058161 1.071089 1.086558 1.104877 1.126386 1.151470 1.180564 1.214164 1.252838 1.297245 1.348149 1.406441 1.473168 1.549563 1.637087 1.737474 1.852799 1.985547 2.138715 2.315928 2.521591 
1.024589 1.024680 1.024954 1.025599 1.026804 1.028762 1.031664 1.035711 1.041105 1.048061 1.056802 1.067568 1.080616 1.096229 1.114716 1.136421 1.161734 1.191091 1.224993 1.264015 1.308819 1.360176 1.418986 1.486304 1.563374 1.651667 1.752935 1.869269 2.003176 2.157678 2.336431 2.543882 
1.035665 1.035758 1.036037 1.036693 1.037916 1.039899 1.042838 1.046934 1.052393 1.059429 1.068270 1.079158 1.092354 1.108141 1.126833 1.148779 1.174371 1.204050 1.238324 1.277771 1.323063 1.374979 1.434426 1.502471 1.580372 1.669616 1.771972 1.889553 2.024894 2.181048 2.361712 2.571381 
1.048910 1.049005 1.049290 1.049956 1.051198 1.053211 1.056192 1.060345 1.065879 1.073010 1.081969 1.093002 1.106371 1.122365 1.141301 1.163533 1.189456 1.219519 1.254235 1.294190 1.340064 1.392645 1.452853 1.521768 1.600662 1.691042 1.794700 1.913775 2.050834 2.208969 2.391925 2.604253 
1.064403 1.064500 1.064790 1.065468 1.066731 1.068777 1.071807 1.076025 1.081644 1.088885 1.097981 1.109181 1.122752 1.138986 1.158207 1.180770 1.207080 1.237591 1.272822 1.313370 1.359924 1.413282 1.474379 1.544310 1.624367 1.716077 1.821259 1.942083 2.081154 2.241611 2.427253 2.642699 
1.082237 1.082335 1.082631 1.083323 1.084609 1.086692 1.089775 1.094067 1.099784 1.107150 1.116402 1.127793 1.141595 1.158106 1.177651 1.200596 1.227350 1.258375 1.294199 1.335428 1.382763 1.437015 1.499135 1.570236 1.651631 1.744873 1.851810 1.974650 2.116041 2.279174 2.467912 2.686952 
1.102519 1.102620 1.102922 1.103628 1.104941 1.107064 1.110208 1.114583 1.120410 1.127917 1.137345 1.148953 1.163017 1.179839 1.199754 1.223132 1.250390 1.281998 1.318495 1.360499 1.408721 1.463990 1.527274 1.599705 1.682622 1.777608 1.886543 2.011678 2.155710 2.321890 2.514152 2.737284 
1.125376 1.125479 1.125788 1.126510 1.127851 1.130021 1.133231 1.137699 1.143649 1.151314 1.160940 1.172791 1.187149 1.204322 1.224652 1.248517 1.276342 1.308607 1.345863 1.388738 1.437960 1.494375 1.558970 1.632901 1.717535 1.814485 1.925675 2.053398 2.200408 2.370024 2.566262 2.794008 
1.150951 1.151056 1.151373 1.152111 1.153484 1.155704 1.158989 1.163560 1.169647 1.177488 1.187335 1.199457 1.214142 1.231708 1.252502 1.276911 1.305369 1.338369 1.376472 1.420322 1.470663 1.528360 1.594422 1.670032 1.756587 1.855738 1.969450 2.100070 2.250416 2.423879 2.624569 2.857481 
1.179405 1.179513 1.179838 1.180595 1.182003 1.184279 1.187645 1.192331 1.198569 1.206605 1.216697 1.229119 1.244169 1.262171 1.283480 1.308493 1.337656 1.371472 1.410518 1.455453 1.507039 1.566162 1.633856 1.711335 1.800028 1.901628 2.018148 2.151995 2.306052 2.483799 2.689444 2.928108 
1.210922 1.211034 1.211367 1.212145 1.213590 1.215928 1.219385 1.224196 1.230601 1.238853 1.249215 1.261970 1.277423 1.295906 1.317785 1.343467 1.373410 1.408131 1.448220 1.494356 1.547321 1.608024 1.677528 1.757076 1.848138 1.952452 2.072085 2.209506 2.367677 2.550170 2.761307 3.006345 
1.245710 1.245824 1.246167 1.246968 1.248454 1.250859 1.254416 1.259365 1.265954 1.274443 1.285102 1.298224 1.314121 1.333135 1.355643 1.382063 1.412866 1.448585 1.489826 1.537287 1.591774 1.654221 1.725721 1.807555 1.901233 2.008544 2.131613 2.272981 2.435695 2.623430 2.840630 3.092705 
1.283998 1.284116 1.284470 1.285295 1.286827 1.289305 1.292970 1.298071 1.304863 1.313611 1.324598 1.338123 1.354508 1.374106 1.397305 1.424536 1.456286 1.493102 1.535611 1.584532 1.640693 1.705060 1.778759 1.863108 1.959667 2.070276 2.197129 2.342843 2.510559 2.704064 2.927941 3.187763 
1.326048 1.326170 1.326535 1.327386 1.328968 1.331526 1.335311 1.340578 1.347590 1.356624 1.367970 1.381936 1.398856 1.419095 1.443053 1.471175 1.503964 1.541985 1.585886 1.636409 1.694410 1.760885 1.836998 1.924111 2.023833 2.138067 2.269076 2.419564 2.592776 2.792621 3.023832 3.292166 
1.372149 1.372275 1.372652 1.373532 1.375168 1.377814 1.381729 1.387177 1.394432 1.403778 1.415516 1.429966 1.447473 1.468413 1.493202 1.522301 1.556228 1.595571 1.640997 1.693276 1.753293 1.822081 1.900841 1.990985 2.094176 2.212384 2.347951 2.503675 2.682914 2.889711 3.128965 3.406633 
1.422626 1.422756 1.423146 1.424058 1.425752 1.428494 1.432551 1.438197 1.445716 1.455404 1.467571 1.482550 1.500698 1.522406 1.548105 1.578272 1.613446 1.654234 1.701330 1.755532 1.817757 1.889076 1.970735 2.064197 2.171187 2.293748 2.434307 2.595766 2.781604 2.996016 3.244080 3.531969 
1.477840 1.477975 1.478380 1.479325 1.481084 1.483929 1.488141 1.494004 1.501812 1.511872 1.524508 1.540065 1.558914 1.581461 1.608154 1.639490 1.676026 1.718395 1.767318 1.823622 1.888262 1.962350 2.047180 2.144272 2.255419 2.382742 2.528763 2.696496 2.889555 3.112299 3.370000 3.669074 
1.538197 1.538337 1.538757 1.539739 1.541567 1.544526 1.548907 1.555005 1.563128 1.573595 1.586743 1.602930 1.622545 1.646010 1.673789 1.706400 1.744425 1.788522 1.839441 1.898043 1.965323 2.042437 2.130733 2.231794 2.347485 2.480014 2.632007 2.806599 3.007555 3.239408 3.507647 3.818950 
1.604147 1.604292 1.604729 1.605752 1.607655 1.610737 1.615301 1.621657 1.630123 1.641034 1.654740 1.671617 1.692067 1.716533 1.745498 1.779503 1.819155 1.865138 1.918237 1.979350 2.049514 2.129934 2.222017 2.327415 2.448071 2.586289 2.744808 2.926898 3.136483 3.378292 3.658049 3.982717 
1.676194 1.676346 1.676801 1.677866 1.679851 1.683068 1.687832 1.694467 1.703308 1.714703 1.729018 1.746647 1.768010 1.793568 1.823828 1.859355 1.900782 1.948827 2.004307 2.068161 2.141475 2.225506 2.321727 2.431861 2.557942 2.702375 2.868024 3.058306 3.277320 3.530008 3.822351 4.161623 
1.754902 1.755060 1.755535 1.756647 1.758720 1.762082 1.767064 1.774004 1.783253 1.795176 1.810157 1.828605 1.850964 1.877715 1.909390 1.946578 1.989944 2.040239 2.098319 2.165168 2.241921 2.329897 2.430636 2.545944 2.677951 2.829175 3.002613 3.201845 3.431162 3.695737 4.001833 4.357063 
1.840900 1.841065 1.841559 1.842721 1.844891 1.848411 1.853630 1.860902 1.870597 1.883095 1.898802 1.918146 1.941592 1.969646 2.002864 2.041867 2.087350 2.140103 2.201022 2.271142 2.351651 2.443936 2.549611 2.670571 2.809051 2.967694 3.149644 3.358655 3.599231 3.876798 4.197923 4.570594 
1.934890 1.935062 1.935578 1.936794 1.939068 1.942759 1.948236 1.955870 1.966050 1.979177 1.995676 2.015998 2.040632 2.070108 2.105013 2.145997 2.193794 2.249231 2.313253 2.386945 2.471559 2.568551 2.679618 2.806755 2.952308 3.119058 3.310310 3.530011 3.782893 4.074662 4.412218 4.803957 
2.037659 2.037839 2.038378 2.039651 2.042037 2.045915 2.051671 2.059701 2.070411 2.084224 2.101588 2.122979 2.148910 2.179941 2.216688 2.259839 2.310163 2.368534 2.435946 2.513543 2.602643 2.704779 2.821741 2.955628 3.108913 3.284526 3.485947 3.717334 3.983675 4.290974 4.646502 5.059097 
2.150090 2.150278 2.150840 2.152174 2.154680 2.158760 2.164822 2.173282 2.184570 2.199134 2.217444 2.240002 2.267352 2.300082 2.338845 2.384363 2.437452 2.499031 2.570150 2.652016 2.746021 2.853782 2.977189 3.118458 3.280199 3.465503 3.678047 3.922219 4.203281 4.527575 4.902770 5.338190 
2.273172 2.273367 2.273951 2.275348 2.277983 2.282281 2.288676 2.297607 2.309527 2.324911 2.344256 2.368092 2.396993 2.431584 2.472551 2.520661 2.576774 2.641862 2.717038 2.803575 2.902946 3.016862 3.147321 3.296666 3.467658 3.663568 3.888283 4.146445 4.443622 4.786520 5.183251 5.643673 
2.408016 2.408217 2.408819 2.410280 2.413052 2.417587 2.424345 2.433789 2.446402 2.462684 2.483161 2.508397 2.538998 2.575625 2.619006 2.669954 2.729378 2.798310 2.877926 2.969578 3.074825 3.195479 3.333658 3.491845 3.672966 3.880487 4.118527 4.392010 4.706835 5.070113 5.490443 5.978271 
2.555875 2.556078 2.556687 2.558208 2.561126 2.565919 2.573073 2.583081 2.596452 2.613717 2.635437 2.662206 2.694670 2.733529 2.779556 2.833613 2.896667 2.969811 3.054294 3.151550 3.263235 3.391273 3.537911 3.705785 3.898003 4.118245 4.370885 4.661152 4.995316 5.380929 5.827134 6.345032 
