1.000000 1.000004 1.000031 1.000103 1.000244 1.000477 1.000824 1.001309 1.001955 1.002785 1.003822 1.005090 1.006614 1.008416 1.010523 1.012958 1.015748 1.018918 1.022497 1.026510 1.030988 1.035959 1.041455 1.047507 1.054150 1.061417 1.069346 1.077975 1.087346 1.097502 1.108488 1.120353 1.133148 1.146930 1.161756 1.177690 1.194800 1.213157 1.232840 1.253932 1.276524 1.300713 1.326605 1.354314 1.383963 1.415686 1.449629 1.485949 1.524818 1.566424 1.610971 1.658682 1.709801 1.764594 1.823354 1.886400 1.954085 2.026794 2.104953 2.189030 2.279542 2.377059 2.482210 2.595693 
1.000229 1.000239 1.000269 1.000344 1.000486 1.000720 1.001069 1.001555 1.002202 1.003032 1.004070 1.005340 1.006864 1.008667 1.010775 1.013211 1.016003 1.019175 1.022754 1.026770 1.031249 1.036222 1.041720 1.047774 1.054418 1.061688 1.069620 1.078252 1.087626 1.097784 1.108774 1.120642 1.133441 1.147227 1.162058 1.177996 1.195110 1.213473 1.233161 1.254259 1.276857 1.301053 1.326953 1.354669 1.384326 1.416057 1.450009 1.486338 1.525218 1.566835 1.611393 1.659117 1.710248 1.765055 1.823829 1.886891 1.954592 2.027319 2.105496 2.189592 2.280124 2.377661 2.482833 2.596338 
1.000956 1.000966 1.000998 1.001074 1.001218 1.001453 1.001803 1.002290 1.002938 1.003770 1.004809 1.006080 1.007606 1.009412 1.011521 1.013960 1.016754 1.019929 1.023511 1.027530 1.032013 1.036991 1.042493 1.048552 1.055202 1.062478 1.070416 1.079055 1.088436 1.098603 1.109601 1.121478 1.134288 1.148084 1.162926 1.178877 1.196005 1.214381 1.234084 1.255199 1.277814 1.302029 1.327947 1.355685 1.385364 1.417119 1.451096 1.487453 1.526362 1.568010 1.612601 1.660360 1.711529 1.766376 1.825193 1.888301 1.956051 2.028830 2.107064 2.191220 2.281815 2.379421 2.484666 2.598247 
1.002174 1.002185 1.002217 1.002294 1.002439 1.002676 1.003027 1.003515 1.004165 1.004998 1.006040 1.007313 1.008841 1.010649 1.012762 1.015205 1.018002 1.021182 1.024769 1.028794 1.033283 1.038267 1.043776 1.049843 1.056502 1.063787 1.071735 1.080385 1.089779 1.099958 1.110970 1.122863 1.135689 1.149503 1.164363 1.180334 1.197483 1.215883 1.235611 1.256752 1.279395 1.303640 1.329591 1.357363 1.387079 1.418874 1.452893 1.489294 1.528251 1.569950 1.614596 1.662413 1.713645 1.768559 1.827448 1.890633 1.958465 2.031332 2.109659 2.193916 2.284620 2.382341 2.487711 2.601427 
1.003885 1.003896 1.003929 1.004007 1.004153 1.004391 1.004743 1.005233 1.005884 1.006720 1.007764 1.009039 1.010571 1.012383 1.014500 1.016947 1.019750 1.022935 1.026530 1.030561 1.035059 1.040052 1.045571 1.051649 1.058320 1.065618 1.073580 1.082246 1.091656 1.101853 1.112885 1.124798 1.137647 1.151484 1.166371 1.182370 1.199549 1.217981 1.237743 1.258920 1.281603 1.305890 1.331886 1.359706 1.389473 1.421323 1.455400 1.491865 1.530888 1.572659 1.617382 1.665281 1.716600 1.771608 1.830597 1.893889 1.961836 2.034827 2.113287 2.197686 2.288543 2.386428 2.491975 2.605881 
1.006092 1.006103 1.006136 1.006215 1.006362 1.006600 1.006954 1.007446 1.008099 1.008937 1.009984 1.011263 1.012798 1.014615 1.016737 1.019190 1.022000 1.025192 1.028795 1.032836 1.037344 1.042348 1.047880 1.053973 1.060658 1.067973 1.075953 1.084638 1.094069 1.104290 1.115346 1.127287 1.140164 1.154032 1.168953 1.184987 1.202204 1.220677 1.240483 1.261708 1.284441 1.308782 1.334835 1.362717 1.392550 1.424470 1.458623 1.495168 1.534277 1.576140 1.620962 1.668966 1.720398 1.775527 1.834645 1.898076 1.966172 2.039321 2.117952 2.202536 2.293590 2.391688 2.497463 2.611616 
1.008796 1.008807 1.008841 1.008920 1.009068 1.009308 1.009663 1.010156 1.010812 1.011653 1.012703 1.013986 1.015526 1.017348 1.019476 1.021936 1.024754 1.027956 1.031569 1.035621 1.040142 1.045160 1.050708 1.056816 1.063521 1.070855 1.078858 1.087567 1.097024 1.107272 1.118359 1.130332 1.143244 1.157150 1.172111 1.188189 1.205453 1.223976 1.243836 1.265118 1.287913 1.312320 1.338444 1.366401 1.396315 1.428321 1.462566 1.499209 1.538424 1.580399 1.625341 1.673475 1.725045 1.780321 1.839598 1.903199 1.971477 2.044822 2.123663 2.208472 2.299769 2.398128 2.504185 2.618642 
1.012003 1.012014 1.012048 1.012127 1.012276 1.012517 1.012874 1.013370 1.014028 1.014872 1.015925 1.017213 1.018759 1.020587 1.022722 1.025191 1.028018 1.031230 1.034855 1.038921 1.043456 1.048491 1.054056 1.060185 1.066911 1.074270 1.082298 1.091035 1.100523 1.110804 1.121926 1.133938 1.146892 1.160843 1.175852 1.191982 1.209301 1.227883 1.247807 1.269157 1.292025 1.316509 1.342717 1.370763 1.400772 1.432880 1.467234 1.503994 1.543334 1.585443 1.630527 1.678813 1.730547 1.785999 1.845464 1.909266 1.977760 2.051337 2.130427 2.215504 2.307089 2.405759 2.512151 2.626969 
1.015716 1.015727 1.015761 1.015841 1.015991 1.016233 1.016592 1.017089 1.017750 1.018598 1.019656 1.020949 1.022500 1.024336 1.026479 1.028957 1.031795 1.035020 1.038659 1.042740 1.047292 1.052346 1.057932 1.064084 1.070835 1.078221 1.086279 1.095049 1.104572 1.114891 1.126055 1.138111 1.151113 1.165116 1.180180 1.196369 1.213752 1.232403 1.252400 1.273829 1.296781 1.321356 1.347660 1.375809 1.405929 1.438155 1.472635 1.509530 1.549014 1.591277 1.636527 1.684990 1.736914 1.792569 1.852251 1.916286 1.985030 2.058876 2.138255 2.223643 2.315562 2.414592 2.521372 2.636610 
1.019941 1.019952 1.019986 1.020067 1.020218 1.020461 1.020821 1.021322 1.021986 1.022837 1.023900 1.025199 1.026757 1.028600 1.030754 1.033242 1.036092 1.039331 1.042985 1.047084 1.051655 1.056730 1.062341 1.068518 1.075298 1.082715 1.090807 1.099614 1.109176 1.119540 1.130750 1.142857 1.155913 1.169974 1.185102 1.201359 1.218815 1.237543 1.257624 1.279142 1.302190 1.326867 1.353281 1.381548 1.411793 1.444153 1.478777 1.515825 1.555473 1.597912 1.643350 1.692015 1.744154 1.800039 1.859969 1.924270 1.993299 2.067451 2.147159 2.232900 2.325200 2.424641 2.531863 2.647577 
1.024684 1.024695 1.024730 1.024811 1.024963 1.025207 1.025570 1.026072 1.026740 1.027596 1.028664 1.029969 1.031535 1.033387 1.035551 1.038051 1.040915 1.044169 1.047841 1.051959 1.056552 1.061651 1.067288 1.073495 1.080306 1.087758 1.095888 1.104736 1.114344 1.124756 1.136018 1.148182 1.161299 1.175426 1.190624 1.206958 1.224495 1.243311 1.263486 1.285104 1.308260 1.333052 1.359588 1.387986 1.418372 1.450883 1.485668 1.522889 1.562721 1.605357 1.651006 1.699897 1.752278 1.808423 1.868631 1.933229 2.002579 2.077075 2.157152 2.243290 2.336018 2.435919 2.543638 2.659889 
1.029952 1.029963 1.029998 1.030080 1.030233 1.030479 1.030843 1.031349 1.032020 1.032881 1.033955 1.035267 1.036841 1.038703 1.040879 1.043392 1.046271 1.049542 1.053233 1.057373 1.061990 1.067116 1.072782 1.079021 1.085868 1.093358 1.101531 1.110424 1.120082 1.130548 1.141869 1.154095 1.167280 1.181480 1.196757 1.213174 1.230802 1.249715 1.269993 1.291724 1.314998 1.339918 1.366591 1.395135 1.425678 1.458356 1.493320 1.530731 1.570769 1.613624 1.659507 1.708648 1.761298 1.817731 1.878248 1.943178 2.012883 2.087761 2.168249 2.254829 2.348032 2.448445 2.556716 2.673563 
1.035753 1.035765 1.035800 1.035882 1.036036 1.036284 1.036650 1.037159 1.037834 1.038700 1.039780 1.041100 1.042684 1.044557 1.046744 1.049273 1.052168 1.055458 1.059170 1.063333 1.067977 1.073132 1.078830 1.085105 1.091990 1.099524 1.107742 1.116686 1.126399 1.136924 1.148309 1.160604 1.173864 1.188144 1.203507 1.220017 1.237745 1.256765 1.277158 1.299010 1.322416 1.347477 1.374300 1.403005 1.433720 1.466582 1.501742 1.539365 1.579627 1.622724 1.668865 1.718283 1.771229 1.827979 1.888836 1.954131 2.024228 2.099526 2.180466 2.267533 2.361259 2.462236 2.571116 2.688619 
1.042096 1.042107 1.042143 1.042226 1.042380 1.042630 1.042999 1.043511 1.044191 1.045062 1.046149 1.047477 1.049071 1.050956 1.053157 1.055701 1.058615 1.061925 1.065660 1.069849 1.074522 1.079708 1.085442 1.091755 1.098684 1.106263 1.114532 1.123532 1.133304 1.143894 1.155349 1.167720 1.181061 1.195429 1.210886 1.227498 1.245334 1.264471 1.284989 1.306975 1.330525 1.355739 1.382727 1.411608 1.442510 1.475573 1.510949 1.548802 1.589311 1.632671 1.679095 1.728815 1.782084 1.839181 1.900410 1.966104 2.036629 2.112388 2.193823 2.281421 2.375720 2.477314 2.586859 2.705081 
1.048989 1.049001 1.049037 1.049121 1.049276 1.049528 1.049899 1.050415 1.051099 1.051977 1.053071 1.054408 1.056013 1.057911 1.060127 1.062688 1.065621 1.068953 1.072714 1.076931 1.081634 1.086856 1.092627 1.098983 1.105957 1.113587 1.121912 1.130971 1.140808 1.151468 1.162999 1.175452 1.188882 1.203345 1.218905 1.235627 1.253581 1.272845 1.293498 1.315631 1.339336 1.364717 1.391883 1.420956 1.452062 1.485344 1.520954 1.559057 1.599834 1.643480 1.690211 1.740259 1.793881 1.851355 1.912988 1.979116 2.050107 2.126366 2.208338 2.296515 2.391437 2.493702 2.603970 2.722972 
1.056444 1.056456 1.056493 1.056577 1.056734 1.056987 1.057361 1.057881 1.058570 1.059454 1.060557 1.061904 1.063520 1.065431 1.067663 1.070243 1.073197 1.076554 1.080341 1.084588 1.089325 1.094584 1.100397 1.106798 1.113822 1.121507 1.129891 1.139014 1.148922 1.159658 1.171271 1.183813 1.197338 1.211905 1.227575 1.244416 1.262499 1.281899 1.302700 1.324989 1.348863 1.374425 1.401784 1.431063 1.462391 1.495909 1.531772 1.570146 1.611212 1.655168 1.702231 1.752634 1.806637 1.864519 1.926589 1.993186 2.064681 2.141481 2.224035 2.312837 2.408433 2.511423 2.622474 2.742320 
1.064472 1.064484 1.064521 1.064606 1.064764 1.065019 1.065397 1.065920 1.066615 1.067506 1.068617 1.069974 1.071603 1.073529 1.075778 1.078378 1.081355 1.084737 1.088553 1.092833 1.097607 1.102906 1.108763 1.115213 1.122291 1.130034 1.138482 1.147675 1.157658 1.168476 1.180178 1.192815 1.206443 1.221121 1.236911 1.253880 1.272099 1.291647 1.312606 1.335066 1.359121 1.384877 1.412444 1.441945 1.473511 1.507284 1.543419 1.582085 1.623463 1.667753 1.715172 1.765959 1.820371 1.878692 1.941234 2.008336 2.080374 2.157756 2.240937 2.330413 2.426734 2.530506 2.642399 2.763155 
1.073085 1.073097 1.073134 1.073219 1.073379 1.073636 1.074017 1.074545 1.075246 1.076144 1.077264 1.078633 1.080275 1.082217 1.084484 1.087105 1.090106 1.093516 1.097363 1.101678 1.106491 1.111833 1.117738 1.124240 1.131375 1.139182 1.147698 1.156966 1.167030 1.177935 1.189732 1.202472 1.216211 1.231007 1.246925 1.264031 1.282399 1.302105 1.323234 1.345875 1.370125 1.396089 1.423879 1.453619 1.485440 1.519487 1.555914 1.594892 1.636604 1.681253 1.729056 1.780252 1.835104 1.893897 1.956944 2.024589 2.097208 2.175216 2.259069 2.349268 2.446367 2.550978 2.663775 2.785508 
1.082295 1.082308 1.082345 1.082431 1.082592 1.082852 1.083236 1.083769 1.084475 1.085381 1.086512 1.087892 1.089548 1.091507 1.093794 1.096438 1.099465 1.102904 1.106785 1.111137 1.115991 1.121379 1.127335 1.133893 1.141090 1.148964 1.157553 1.166901 1.177051 1.188051 1.199949 1.212798 1.226655 1.241579 1.257633 1.274887 1.293412 1.313287 1.334598 1.357433 1.381891 1.408078 1.436107 1.466102 1.498197 1.532535 1.569275 1.608587 1.650658 1.695689 1.743902 1.795538 1.850860 1.910157 1.973745 2.041969 2.115211 2.193888 2.278460 2.369432 2.467364 2.572872 2.686636 2.809412 
1.092118 1.092131 1.092168 1.092255 1.092418 1.092680 1.093068 1.093605 1.094319 1.095233 1.096373 1.097767 1.099438 1.101415 1.103723 1.106391 1.109446 1.112916 1.116832 1.121224 1.126122 1.131559 1.137570 1.144188 1.151450 1.159395 1.168063 1.177496 1.187738 1.198838 1.210844 1.223810 1.237793 1.252852 1.269053 1.286463 1.305156 1.325212 1.346716 1.369758 1.394439 1.420863 1.449147 1.479414 1.511800 1.546450 1.583523 1.623192 1.665644 1.711083 1.759734 1.811838 1.867662 1.927496 1.991661 2.060504 2.134410 2.213800 2.299139 2.390936 2.489756 2.596220 2.711017 2.834906 
1.102568 1.102581 1.102619 1.102707 1.102871 1.103136 1.103527 1.104070 1.104790 1.105713 1.106865 1.108272 1.109959 1.111955 1.114286 1.116979 1.120063 1.123567 1.127521 1.131955 1.136900 1.142389 1.148457 1.155139 1.162471 1.170492 1.179243 1.188766 1.199107 1.210313 1.222434 1.235525 1.249641 1.264845 1.281200 1.298777 1.317650 1.337898 1.359607 1.382870 1.407787 1.434464 1.463018 1.493575 1.526271 1.561252 1.598680 1.638728 1.681586 1.727460 1.776576 1.829178 1.885536 1.945943 2.010720 2.080222 2.154835 2.234984 2.321138 2.413813 2.513578 2.621060 2.736954 2.862028 
1.113662 1.113674 1.113713 1.113802 1.113967 1.114235 1.114630 1.115179 1.115906 1.116839 1.118002 1.119423 1.121128 1.123144 1.125498 1.128219 1.131334 1.134874 1.138867 1.143346 1.148341 1.153886 1.160015 1.166764 1.174170 1.182272 1.191111 1.200730 1.211175 1.222494 1.234737 1.247960 1.262219 1.277575 1.294095 1.311849 1.330912 1.351363 1.373291 1.396789 1.421956 1.448902 1.477743 1.508607 1.541632 1.576965 1.614769 1.655220 1.698509 1.744845 1.794454 1.847585 1.904510 1.965524 2.030953 2.101154 2.176517 2.257472 2.344492 2.438099 2.538867 2.647430 2.764489 2.890821 
1.125416 1.125429 1.125468 1.125558 1.125725 1.125996 1.126395 1.126950 1.127685 1.128627 1.129803 1.131239 1.132962 1.134999 1.137379 1.140128 1.143277 1.146854 1.150889 1.155415 1.160463 1.166067 1.172261 1.179081 1.186565 1.194753 1.203686 1.213407 1.223962 1.235400 1.247773 1.261135 1.275545 1.291063 1.307758 1.325699 1.344963 1.365631 1.387790 1.411535 1.436968 1.464199 1.493344 1.524534 1.557907 1.593613 1.631816 1.672694 1.716440 1.763264 1.813397 1.867089 1.924614 1.986272 2.052391 2.123332 2.199490 2.281299 2.369238 2.463832 2.565663 2.675371 2.793665 2.921329 
1.137850 1.137863 1.137902 1.137993 1.138163 1.138436 1.138840 1.139401 1.140144 1.141097 1.142286 1.143738 1.145480 1.147540 1.149946 1.152725 1.155909 1.159525 1.163606 1.168182 1.173286 1.178952 1.185214 1.192110 1.199677 1.207955 1.216987 1.226815 1.237487 1.249052 1.261562 1.275071 1.289640 1.305330 1.322210 1.340349 1.359826 1.380722 1.403126 1.427134 1.452848 1.480379 1.509847 1.541381 1.575123 1.611223 1.649848 1.691178 1.735406 1.782748 1.833434 1.887719 1.945879 2.008218 2.075068 2.146792 2.223791 2.306503 2.395413 2.491052 2.594007 2.704927 2.824527 2.953601 
1.150983 1.150996 1.151036 1.151128 1.151299 1.151576 1.151985 1.152552 1.153304 1.154268 1.155471 1.156939 1.158702 1.160785 1.163219 1.166031 1.169251 1.172910 1.177037 1.181666 1.186829 1.192561 1.198895 1.205871 1.213525 1.221899 1.231035 1.240977 1.251772 1.263471 1.276125 1.289790 1.304527 1.320399 1.337473 1.355822 1.375523 1.396661 1.419324 1.443608 1.469619 1.497468 1.527276 1.559174 1.593305 1.629822 1.668893 1.710699 1.755439 1.803326 1.854598 1.909509 1.968340 2.031398 2.099019 2.171571 2.249458 2.333125 2.423060 2.519802 2.623945 2.736145 2.857125 2.987688 
1.164836 1.164849 1.164889 1.164983 1.165156 1.165436 1.165850 1.166424 1.167185 1.168161 1.169378 1.170864 1.172648 1.174757 1.177220 1.180066 1.183325 1.187027 1.191205 1.195890 1.201115 1.206915 1.213326 1.220386 1.228133 1.236607 1.245853 1.255915 1.266840 1.278679 1.291486 1.305316 1.320230 1.336293 1.353573 1.372142 1.392081 1.413473 1.436409 1.460986 1.487310 1.515494 1.545660 1.577943 1.612484 1.649441 1.688982 1.731291 1.776569 1.825033 1.876921 1.932493 1.992032 2.055849 2.124283 2.197708 2.276532 2.361206 2.452223 2.550129 2.655525 2.769075 2.891510 3.023645 
1.179431 1.179445 1.179485 1.179580 1.179755 1.180039 1.180458 1.181039 1.181810 1.182798 1.184030 1.185536 1.187342 1.189477 1.191971 1.194852 1.198152 1.201901 1.206131 1.210875 1.216166 1.222039 1.228530 1.235678 1.243522 1.252103 1.261465 1.271653 1.282715 1.294702 1.307669 1.321673 1.336774 1.353038 1.370535 1.389337 1.409526 1.431185 1.454409 1.479294 1.505947 1.534484 1.565029 1.597716 1.632690 1.670110 1.710146 1.752986 1.798830 1.847902 1.900440 1.956708 2.016993 2.081609 2.150901 2.225245 2.305057 2.390791 2.482949 2.582081 2.688797 2.803769 2.927739 3.061528 
1.194792 1.194806 1.194847 1.194943 1.195121 1.195408 1.195833 1.196421 1.197202 1.198203 1.199452 1.200977 1.202806 1.204969 1.207496 1.210415 1.213758 1.217556 1.221841 1.226646 1.232006 1.237955 1.244532 1.251773 1.259719 1.268412 1.277895 1.288216 1.299422 1.311566 1.324702 1.338888 1.354186 1.370662 1.388386 1.407433 1.427885 1.449827 1.473353 1.498562 1.525563 1.554471 1.585414 1.618526 1.653956 1.691863 1.732421 1.775818 1.822260 1.871970 1.925193 1.982193 2.043263 2.108721 2.178915 2.254228 2.335079 2.421929 2.515287 2.615710 2.723816 2.840285 2.965869 3.101400 
1.210945 1.210958 1.211000 1.211097 1.211278 1.211569 1.211999 1.212596 1.213387 1.214402 1.215667 1.217213 1.219067 1.221259 1.223820 1.226779 1.230167 1.234016 1.238359 1.243229 1.248662 1.254692 1.261357 1.268696 1.276749 1.285560 1.295172 1.305632 1.316990 1.329298 1.342611 1.356989 1.372494 1.389193 1.407156 1.426461 1.447189 1.469428 1.493271 1.518822 1.546187 1.575487 1.606848 1.640408 1.676317 1.714736 1.755842 1.799826 1.846896 1.897278 1.951220 2.008991 2.070886 2.137229 2.208372 2.284702 2.366646 2.454671 2.549290 2.651071 2.760638 2.878681 3.005963 3.143326 
1.227914 1.227929 1.227971 1.228069 1.228252 1.228548 1.228984 1.229589 1.230391 1.231420 1.232703 1.234270 1.236151 1.238374 1.240970 1.243970 1.247406 1.251309 1.255713 1.260652 1.266160 1.272275 1.279033 1.286475 1.294642 1.303575 1.313322 1.323929 1.335446 1.347926 1.361426 1.376006 1.391728 1.408661 1.426876 1.446452 1.467470 1.490020 1.514198 1.540106 1.567856 1.597566 1.629366 1.663397 1.699809 1.738767 1.780449 1.825049 1.872778 1.923866 1.978564 2.037145 2.099908 2.167180 2.239319 2.316720 2.399812 2.489070 2.585015 2.688222 2.799324 2.919022 3.048087 3.187375 
1.245730 1.245744 1.245787 1.245887 1.246073 1.246372 1.246815 1.247429 1.248243 1.249286 1.250588 1.252178 1.254086 1.256341 1.258975 1.262019 1.265504 1.269464 1.273932 1.278942 1.284530 1.290734 1.297590 1.305140 1.313425 1.322489 1.332377 1.343137 1.354821 1.367483 1.381179 1.395970 1.411920 1.429099 1.447578 1.467438 1.488761 1.511639 1.536167 1.562451 1.590603 1.620745 1.653006 1.687531 1.724471 1.763994 1.806281 1.851528 1.899950 1.951779 2.007271 2.066701 2.130375 2.198623 2.271809 2.350332 2.434630 2.525183 2.622520 2.727225 2.839939 2.961373 3.092310 3.233619 
1.264421 1.264436 1.264479 1.264580 1.264769 1.265073 1.265522 1.266145 1.266972 1.268031 1.269352 1.270966 1.272902 1.275191 1.277865 1.280954 1.284492 1.288511 1.293046 1.298131 1.303803 1.310100 1.317059 1.324722 1.333131 1.342331 1.352367 1.363289 1.375149 1.388000 1.401902 1.416915 1.433104 1.450540 1.469297 1.489455 1.511098 1.534319 1.559216 1.585894 1.614468 1.645062 1.677808 1.712850 1.750345 1.790461 1.833382 1.879308 1.928457 1.981064 2.037388 2.097710 2.162339 2.231611 2.305896 2.385597 2.471159 2.563071 2.661869 2.768144 2.882550 3.005805 3.138707 3.282136 
1.284019 1.284034 1.284078 1.284181 1.284372 1.284681 1.285137 1.285770 1.286609 1.287685 1.289026 1.290665 1.292631 1.294956 1.297671 1.300808 1.304401 1.308482 1.313087 1.318251 1.324011 1.330405 1.337473 1.345254 1.353794 1.363136 1.373328 1.384419 1.396462 1.409513 1.423630 1.438875 1.455316 1.473022 1.492070 1.512540 1.534519 1.558099 1.583382 1.610474 1.639491 1.670559 1.703812 1.739398 1.777474 1.818212 1.861798 1.908436 1.958346 2.011769 2.068966 2.130223 2.195854 2.266200 2.341636 2.422573 2.509461 2.602798 2.703127 2.811050 2.927228 3.052394 3.187356 3.333009 
1.304558 1.304573 1.304618 1.304722 1.304916 1.305230 1.305693 1.306336 1.307189 1.308282 1.309645 1.311310 1.313307 1.315669 1.318427 1.321615 1.325265 1.329411 1.334090 1.339337 1.345189 1.351685 1.358865 1.366771 1.375447 1.384939 1.395293 1.406562 1.418798 1.432057 1.446400 1.461890 1.478593 1.496582 1.515935 1.536732 1.559062 1.583020 1.608707 1.636233 1.665714 1.697279 1.731064 1.767219 1.805904 1.847293 1.891577 1.938962 1.989670 2.043947 2.102059 2.164297 2.230977 2.302449 2.379091 2.461323 2.549601 2.644431 2.746365 2.856014 2.974051 3.101220 3.238340 3.386323 
1.326072 1.326087 1.326133 1.326239 1.326436 1.326755 1.327226 1.327880 1.328746 1.329857 1.331243 1.332935 1.334965 1.337366 1.340170 1.343410 1.347120 1.351335 1.356090 1.361423 1.367372 1.373975 1.381274 1.389310 1.398129 1.407777 1.418302 1.429757 1.442195 1.455673 1.470252 1.485996 1.502975 1.521261 1.540933 1.562073 1.584772 1.609125 1.635235 1.663215 1.693182 1.725268 1.759610 1.796361 1.835684 1.877756 1.922771 1.970936 2.022481 2.077654 2.136724 2.199988 2.267769 2.340419 2.418326 2.501913 2.591648 2.688042 2.791657 2.903114 3.023099 3.152364 3.291747 3.442170 
1.348599 1.348615 1.348661 1.348769 1.348970 1.349294 1.349773 1.350437 1.351319 1.352448 1.353857 1.355578 1.357643 1.360084 1.362935 1.366230 1.370003 1.374290 1.379126 1.384550 1.390599 1.397314 1.404737 1.412910 1.421879 1.431690 1.442394 1.454043 1.466692 1.480399 1.495226 1.511238 1.528505 1.547102 1.567107 1.588607 1.611691 1.636458 1.663012 1.691466 1.721943 1.754574 1.789500 1.826875 1.866866 1.909653 1.955432 2.004416 2.056837 2.112947 2.173021 2.237360 2.306292 2.380177 2.459407 2.544415 2.635674 2.733706 2.839081 2.952433 3.074455 3.205917 3.347668 3.500646 
1.372179 1.372194 1.372241 1.372351 1.372556 1.372886 1.373373 1.374049 1.374945 1.376094 1.377528 1.379279 1.381380 1.383864 1.386765 1.390117 1.393956 1.398317 1.403238 1.408756 1.414911 1.421744 1.429296 1.437612 1.446737 1.456720 1.467611 1.479464 1.492334 1.506280 1.521366 1.537658 1.555227 1.574149 1.594504 1.616379 1.639867 1.665067 1.692085 1.721037 1.752047 1.785248 1.820785 1.858814 1.899504 1.943039 1.989619 2.039460 2.092797 2.149888 2.211013 2.276477 2.346615 2.421791 2.502407 2.588902 2.681757 2.781503 2.888722 3.004055 3.128211 3.261972 3.406202 3.561855 
1.396852 1.396868 1.396916 1.397028 1.397236 1.397572 1.398067 1.398755 1.399668 1.400838 1.402297 1.404079 1.406218 1.408746 1.411699 1.415112 1.419020 1.423459 1.428468 1.434086 1.440351 1.447307 1.454994 1.463459 1.472749 1.482911 1.493998 1.506064 1.519165 1.533362 1.548719 1.565304 1.583189 1.602450 1.623172 1.645440 1.669350 1.695003 1.722507 1.751980 1.783547 1.817345 1.853521 1.892234 1.933656 1.977974 2.025392 2.076129 2.130425 2.188543 2.250767 2.317409 2.388808 2.465337 2.547403 2.635453 2.729978 2.831518 2.940665 3.058072 3.184462 3.320628 3.467451 3.625904 
1.422663 1.422680 1.422729 1.422842 1.423054 1.423396 1.423901 1.424602 1.425531 1.426722 1.428209 1.430024 1.432201 1.434777 1.437784 1.441259 1.445239 1.449761 1.454862 1.460583 1.466964 1.474048 1.481877 1.490499 1.499960 1.510310 1.521601 1.533890 1.547233 1.561692 1.577333 1.594224 1.612439 1.632057 1.653161 1.675841 1.700193 1.726319 1.754332 1.784349 1.816500 1.850922 1.887767 1.927195 1.969382 2.014520 2.062813 2.114488 2.169789 2.228981 2.292355 2.360228 2.432947 2.510890 2.594473 2.684151 2.780423 2.883839 2.995003 3.114581 3.243307 3.381990 3.531526 3.692908 
1.449659 1.449676 1.449726 1.449842 1.450057 1.450406 1.450920 1.451634 1.452581 1.453795 1.455309 1.457158 1.459377 1.462001 1.465065 1.468606 1.472662 1.477269 1.482467 1.488296 1.494798 1.502016 1.509994 1.518779 1.528419 1.538965 1.550471 1.562992 1.576588 1.591322 1.607259 1.624471 1.643031 1.663021 1.684526 1.707636 1.732450 1.759072 1.787616 1.818203 1.850963 1.886039 1.923583 1.963759 2.006748 2.052742 2.101952 2.154608 2.210958 2.271273 2.335850 2.405012 2.479111 2.558533 2.643703 2.735083 2.833182 2.938562 3.051836 3.173683 3.304852 3.446167 3.598542 3.762986 
1.477889 1.477906 1.477956 1.478075 1.478294 1.478649 1.479174 1.479901 1.480867 1.482104 1.483648 1.485533 1.487795 1.490469 1.493593 1.497203 1.501337 1.506034 1.511333 1.517275 1.523904 1.531262 1.539395 1.548351 1.558178 1.568930 1.580659 1.593424 1.607285 1.622305 1.638552 1.656099 1.675021 1.695400 1.717323 1.740883 1.766180 1.793321 1.822421 1.853603 1.887002 1.922761 1.961035 2.001994 2.045820 2.092710 2.142878 2.196560 2.254007 2.315497 2.381332 2.451841 2.527383 2.608353 2.695182 2.788342 2.888352 2.995784 3.111265 3.235486 3.369209 3.513277 3.668620 3.836267 
1.507404 1.507421 1.507473 1.507593 1.507817 1.508179 1.508714 1.509456 1.510440 1.511702 1.513276 1.515199 1.517506 1.520234 1.523420 1.527102 1.531318 1.536108 1.541513 1.547574 1.554334 1.561839 1.570135 1.579269 1.589292 1.600258 1.612222 1.625241 1.639379 1.654699 1.671270 1.689167 1.708467 1.729253 1.751613 1.775644 1.801446 1.829129 1.858809 1.890615 1.924680 1.961153 2.000192 2.041969 2.086670 2.134497 2.185668 2.240421 2.299016 2.361735 2.428885 2.500802 2.577854 2.660441 2.749004 2.844025 2.946034 3.055612 3.173400 3.300102 3.436497 3.583443 3.741889 3.912885 
1.538259 1.538276 1.538329 1.538452 1.538681 1.539050 1.539596 1.540353 1.541357 1.542644 1.544251 1.546212 1.548566 1.551350 1.554601 1.558358 1.562660 1.567548 1.573063 1.579248 1.586147 1.593805 1.602269 1.611590 1.621819 1.633009 1.645217 1.658503 1.672929 1.688563 1.705473 1.723736 1.743431 1.764642 1.787460 1.811982 1.838312 1.866562 1.896850 1.929306 1.964069 2.001289 2.041127 2.083759 2.129375 2.178181 2.230399 2.286274 2.346069 2.410072 2.478597 2.551986 2.630616 2.714894 2.805271 2.902237 3.006335 3.118157 3.238356 3.367653 3.506841 3.656796 3.818486 3.992983 
1.570512 1.570530 1.570584 1.570709 1.570943 1.571320 1.571876 1.572649 1.573674 1.574989 1.576628 1.578631 1.581034 1.583876 1.587195 1.591030 1.595422 1.600412 1.606043 1.612357 1.619400 1.627218 1.635860 1.645376 1.655819 1.667243 1.679707 1.693271 1.708000 1.723961 1.741226 1.759871 1.779979 1.801634 1.824931 1.849967 1.876849 1.905690 1.936614 1.969750 2.005242 2.043242 2.083916 2.127442 2.174014 2.223843 2.277157 2.334204 2.395252 2.460598 2.530560 2.605489 2.685768 2.771814 2.864086 2.963087 3.069368 3.183535 3.306256 3.438265 3.580372 3.733472 3.898553 4.076710 
1.604225 1.604243 1.604298 1.604426 1.604664 1.605049 1.605618 1.606407 1.607454 1.608796 1.610471 1.612516 1.614971 1.617873 1.621263 1.625180 1.629666 1.634763 1.640514 1.646964 1.654157 1.662143 1.670970 1.680691 1.691357 1.703026 1.715757 1.729612 1.744657 1.760960 1.778595 1.797641 1.818179 1.840300 1.864096 1.889669 1.917128 1.946589 1.978175 2.012023 2.048277 2.087093 2.128639 2.173100 2.220672 2.271571 2.326030 2.384301 2.446661 2.513409 2.584874 2.661412 2.743414 2.831308 2.925562 3.026689 3.135252 3.251871 3.377227 3.512071 3.657229 3.813617 3.982243 4.164226 
1.639461 1.639480 1.639536 1.639667 1.639910 1.640303 1.640884 1.641691 1.642761 1.644132 1.645843 1.647933 1.650441 1.653407 1.656871 1.660874 1.665458 1.670667 1.676544 1.683134 1.690486 1.698647 1.707667 1.717601 1.728501 1.740426 1.753437 1.767596 1.782970 1.799631 1.817653 1.837117 1.858106 1.880712 1.905031 1.931166 1.959228 1.989335 2.021615 2.056207 2.093256 2.132925 2.175384 2.220821 2.269439 2.321456 2.377111 2.436662 2.500392 2.568607 2.641642 2.719862 2.803666 2.893491 2.989816 3.093165 3.204114 3.323295 3.451406 3.589212 3.737561 3.897385 4.069716 4.255697 
1.676290 1.676309 1.676366 1.676500 1.676749 1.677151 1.677744 1.678569 1.679662 1.681064 1.682814 1.684950 1.687514 1.690546 1.694088 1.698180 1.702867 1.708192 1.714201 1.720939 1.728455 1.736799 1.746022 1.756178 1.767323 1.779516 1.792818 1.807295 1.823014 1.840049 1.858476 1.878376 1.899837 1.922950 1.947815 1.974537 2.003229 2.034012 2.067018 2.102386 2.140268 2.180827 2.224240 2.270698 2.320408 2.373593 2.430499 2.491388 2.556550 2.626298 2.700974 2.780951 2.866639 2.958483 3.056972 3.162644 3.276086 3.397946 3.528936 3.669840 3.821522 3.984937 4.161142 4.351302 
1.714783 1.714803 1.714861 1.714998 1.715252 1.715663 1.716270 1.717113 1.718232 1.719665 1.721455 1.723640 1.726263 1.729364 1.732986 1.737172 1.741966 1.747413 1.753560 1.760452 1.768141 1.776676 1.786110 1.796499 1.807899 1.820371 1.833979 1.848787 1.864867 1.882293 1.901142 1.921499 1.943453 1.967096 1.992532 2.019867 2.049217 2.080707 2.114471 2.150651 2.189402 2.230893 2.275303 2.322828 2.373679 2.428086 2.486298 2.548587 2.615245 2.686595 2.762986 2.844801 2.932457 3.026411 3.127163 3.235262 3.351311 3.475970 3.609969 3.754110 3.909277 4.076447 4.256699 4.451227 
1.755017 1.755037 1.755097 1.755237 1.755497 1.755917 1.756538 1.757401 1.758545 1.760012 1.761843 1.764079 1.766763 1.769937 1.773643 1.777927 1.782834 1.788408 1.794698 1.801752 1.809620 1.818355 1.828010 1.838642 1.850309 1.863074 1.877000 1.892155 1.908612 1.926446 1.945738 1.966572 1.989040 2.013238 2.039270 2.067246 2.097285 2.129513 2.164068 2.201097 2.240758 2.283222 2.328674 2.377314 2.429358 2.485042 2.544620 2.608370 2.676593 2.749618 2.827802 2.911537 3.001250 3.097409 3.200527 3.311163 3.429936 3.557522 3.694666 3.842191 4.001000 4.172094 4.356576 4.555671 
1.797073 1.797093 1.797154 1.797297 1.797563 1.797993 1.798629 1.799512 1.800683 1.802185 1.804060 1.806349 1.809097 1.812346 1.816141 1.820527 1.825550 1.831258 1.837698 1.844920 1.852977 1.861920 1.871806 1.882692 1.894639 1.907709 1.921968 1.937486 1.954337 1.972598 1.992351 2.013684 2.036690 2.061468 2.088123 2.116769 2.147527 2.180528 2.215911 2.253826 2.294437 2.337919 2.384460 2.434265 2.487557 2.544575 2.605581 2.670859 2.740717 2.815492 2.895550 2.981292 3.073156 3.171621 3.277210 3.390499 3.512119 3.642764 3.783196 3.934258 4.096874 4.272070 4.460975 4.664843 
1.841035 1.841056 1.841118 1.841264 1.841537 1.841977 1.842628 1.843532 1.844732 1.846270 1.848190 1.850535 1.853349 1.856677 1.860565 1.865058 1.870203 1.876050 1.882647 1.890045 1.898298 1.907460 1.917588 1.928740 1.940978 1.954367 1.968974 1.984872 2.002134 2.020841 2.041077 2.062932 2.086500 2.111883 2.139190 2.168536 2.200046 2.233854 2.270102 2.308945 2.350549 2.395094 2.442773 2.493797 2.548392 2.606805 2.669304 2.736179 2.807746 2.884351 2.966368 3.054209 3.148321 3.249195 3.357368 3.473430 3.598027 3.731869 3.875739 4.030497 4.197094 4.376577 4.570106 4.778964 
1.886994 1.887015 1.887079 1.887229 1.887507 1.887959 1.888626 1.889552 1.890781 1.892357 1.894324 1.896727 1.899611 1.903022 1.907006 1.911610 1.916884 1.922876 1.929637 1.937220 1.945678 1.955068 1.965448 1.976877 1.989421 2.003143 2.018115 2.034409 2.052101 2.071275 2.092016 2.114415 2.138571 2.164587 2.192575 2.222654 2.254950 2.289601 2.326754 2.366566 2.409208 2.454865 2.503734 2.556032 2.611990 2.671861 2.735920 2.804464 2.877818 2.956336 3.040401 3.130435 3.226897 3.330291 3.441166 3.560126 3.687835 3.825020 3.972483 4.131107 4.301865 4.485831 4.684193 4.898267 
1.935044 1.935066 1.935132 1.935285 1.935571 1.936033 1.936717 1.937666 1.938926 1.940542 1.942559 1.945022 1.947979 1.951476 1.955561 1.960282 1.965689 1.971833 1.978766 1.986541 1.995214 2.004843 2.015486 2.027206 2.040068 2.054139 2.069492 2.086200 2.104342 2.124004 2.145272 2.168241 2.193011 2.219690 2.248390 2.279234 2.312352 2.347885 2.385983 2.426809 2.470536 2.517355 2.567469 2.621098 2.678480 2.739876 2.805566 2.875856 2.951079 3.031596 3.117802 3.210130 3.309049 3.415076 3.528776 3.650767 3.781729 3.922409 4.073630 4.236295 4.411403 4.600056 4.803473 5.023000 
1.985288 1.985311 1.985378 1.985535 1.985828 1.986302 1.987003 1.987976 1.989268 1.990925 1.992994 1.995521 1.998554 2.002141 2.006331 2.011174 2.016721 2.023024 2.030136 2.038112 2.047010 2.056888 2.067807 2.079831 2.093026 2.107462 2.123212 2.140354 2.158967 2.179138 2.200957 2.224522 2.249935 2.277306 2.306750 2.338394 2.372372 2.408827 2.447914 2.489799 2.534662 2.582696 2.634110 2.689131 2.748004 2.810994 2.878389 2.950505 3.027680 3.110288 3.198734 3.293459 3.394948 3.503729 3.620382 3.745542 3.879906 4.024241 4.179390 4.346282 4.525939 4.719494 4.928195 5.153426 
2.037832 2.037855 2.037924 2.038085 2.038385 2.038871 2.039590 2.040589 2.041914 2.043615 2.045737 2.048330 2.051443 2.055124 2.059425 2.064395 2.070088 2.076557 2.083857 2.092044 2.101176 2.111315 2.122522 2.134863 2.148407 2.163225 2.179391 2.196985 2.216090 2.236794 2.259191 2.283379 2.309464 2.337558 2.367781 2.400262 2.435138 2.472557 2.512678 2.555671 2.601721 2.651026 2.703801 2.760277 2.820708 2.885364 2.954544 3.028567 3.107786 3.192580 3.283367 3.380600 3.484775 3.596437 3.716178 3.844652 3.982575 4.130732 4.289989 4.461300 4.645716 4.844396 5.058624 5.289819 
2.092789 2.092812 2.092882 2.093047 2.093355 2.093854 2.094592 2.095617 2.096977 2.098723 2.100902 2.103564 2.106760 2.110540 2.114956 2.120060 2.125906 2.132548 2.140044 2.148451 2.157829 2.168240 2.179749 2.192422 2.206330 2.221547 2.238148 2.256216 2.275836 2.297098 2.320097 2.344937 2.371724 2.400575 2.431613 2.464969 2.500785 2.539213 2.580415 2.624567 2.671858 2.722491 2.776689 2.834688 2.896748 2.963148 3.034192 3.110212 3.191567 3.278648 3.371884 3.471739 3.578725 3.693399 3.816371 3.948311 4.089955 4.242109 4.405664 4.581598 4.770990 4.975032 5.195041 5.432474 
2.150278 2.150301 2.150373 2.150543 2.150858 2.151370 2.152127 2.153180 2.154577 2.156370 2.158608 2.161343 2.164626 2.168509 2.173045 2.178288 2.184294 2.191118 2.198819 2.207456 2.217091 2.227787 2.239611 2.252632 2.266922 2.282555 2.299612 2.318175 2.338333 2.360178 2.383809 2.409330 2.436852 2.466495 2.498385 2.532656 2.569455 2.608938 2.651271 2.696635 2.745224 2.797248 2.852934 2.912525 2.976289 3.044513 3.117509 3.195617 3.279206 3.368679 3.464476 3.567075 3.677000 3.794825 3.921176 4.056742 4.202279 4.358615 4.526666 4.707435 4.902033 5.111684 5.337741 5.581701 
2.210425 2.210450 2.210524 2.210697 2.211021 2.211546 2.212324 2.213405 2.214841 2.216682 2.218982 2.221793 2.225166 2.229157 2.233819 2.239209 2.245381 2.252396 2.260311 2.269189 2.279093 2.290087 2.302242 2.315626 2.330314 2.346384 2.363917 2.382999 2.403720 2.426175 2.450466 2.476700 2.504991 2.535462 2.568243 2.603472 2.641300 2.681886 2.725402 2.772034 2.821982 2.875460 2.932702 2.993960 3.059507 3.129639 3.204676 3.284968 3.370895 3.462871 3.561348 3.666817 3.779817 3.900938 4.030825 4.170184 4.319794 4.480506 4.653260 4.839089 5.039134 5.254653 5.487038 5.737827 
2.273366 2.273391 2.273467 2.273644 2.273977 2.274516 2.275315 2.276426 2.277901 2.279795 2.282159 2.285049 2.288518 2.292621 2.297415 2.302957 2.309305 2.316518 2.324658 2.333788 2.343972 2.355279 2.367779 2.381543 2.396649 2.413176 2.431207 2.450831 2.472141 2.495235 2.520217 2.547197 2.576293 2.607630 2.641343 2.677575 2.716479 2.758219 2.802974 2.850932 2.902301 2.957302 3.016173 3.079174 3.146587 3.218714 3.295887 3.378465 3.466839 3.561433 3.662714 3.771186 3.887404 4.011975 4.145561 4.288890 4.442761 4.608051 4.785727 4.976851 5.182597 5.404257 5.643264 5.901200 
2.339243 2.339268 2.339345 2.339527 2.339868 2.340422 2.341243 2.342385 2.343902 2.345849 2.348281 2.351253 2.354822 2.359043 2.363975 2.369677 2.376207 2.383629 2.392004 2.401397 2.411876 2.423510 2.436371 2.450533 2.466076 2.483081 2.501634 2.521825 2.543752 2.567514 2.593218 2.620979 2.650917 2.683162 2.717851 2.755131 2.795161 2.838110 2.884160 2.933508 2.986364 3.042957 3.103533 3.168359 3.237724 3.311940 3.391349 3.476319 3.567252 3.664588 3.768802 3.880418 4.000004 4.128184 4.265642 4.413125 4.571457 4.741539 4.924366 5.121032 5.332744 5.560833 5.806771 6.072188 
2.408205 2.408231 2.408310 2.408496 2.408846 2.409414 2.410258 2.411432 2.412993 2.414996 2.417499 2.420558 2.424230 2.428575 2.433652 2.439520 2.446243 2.453882 2.462503 2.472172 2.482959 2.494935 2.508174 2.522753 2.538753 2.556258 2.575357 2.596143 2.618715 2.643176 2.669637 2.698216 2.729035 2.762229 2.797940 2.836318 2.877527 2.921741 2.969147 3.019948 3.074361 3.132622 3.194982 3.261718 3.333127 3.409530 3.491278 3.578752 3.672365 3.772569 3.879855 3.994761 4.117872 4.249831 4.391341 4.543174 4.706174 4.881273 5.069492 5.271960 5.489917 5.724736 5.977932 6.251181 
2.480413 2.480440 2.480519 2.480710 2.481068 2.481652 2.482520 2.483728 2.485334 2.487396 2.489972 2.493121 2.496903 2.501377 2.506605 2.512649 2.519571 2.527439 2.536317 2.546276 2.557385 2.569719 2.583354 2.598369 2.614848 2.632877 2.652548 2.673956 2.697203 2.722397 2.749651 2.779085 2.810827 2.845015 2.881795 2.921323 2.963766 3.009304 3.058131 3.110454 3.166497 3.226502 3.290732 3.359467 3.433015 3.511708 3.595906 3.686001 3.782420 3.885627 3.996129 4.114479 4.241281 4.377196 4.522950 4.679335 4.847223 5.027574 5.221439 5.429981 5.654479 5.896345 6.157140 6.438591 
2.556037 2.556064 2.556144 2.556337 2.556705 2.557304 2.558196 2.559440 2.561093 2.563217 2.565870 2.569115 2.573010 2.577620 2.583006 2.589233 2.596366 2.604472 2.613620 2.623881 2.635329 2.648038 2.662087 2.677559 2.694539 2.713117 2.733386 2.755446 2.779401 2.805362 2.833445 2.863775 2.896484 2.931713 2.969613 3.010344 3.054080 3.101005 3.151319 3.205236 3.262986 3.324819 3.391005 3.461834 3.537623 3.618713 3.705476 3.798317 3.897674 4.004026 4.117895 4.239852 4.370518 4.510577 4.660773 4.821926 4.994934 5.180784 5.380562 5.595465 5.826811 6.076058 6.344813 6.634856 
2.635258 2.635284 2.635362 2.635558 2.635934 2.636550 2.637468 2.638747 2.640451 2.642639 2.645373 2.648717 2.652732 2.657483 2.663035 2.669454 2.676807 2.685164 2.694594 2.705173 2.716974 2.730075 2.744559 2.760510 2.778015 2.797167 2.818064 2.840806 2.865502 2.892266 2.921219 2.952487 2.986209 3.022529 3.061601 3.103594 3.148683 3.197061 3.248933 3.304518 3.364057 3.427804 3.496039 3.569062 3.647197 3.730799 3.820249 3.915965 4.018399 4.128045 4.245441 4.371176 4.505890 4.650288 4.805138 4.971284 5.149653 5.341264 5.547235 5.768800 6.007321 6.264299 6.541392 6.840438 
